1.000000000001545430e+00,-2.106198620243274124e-12,4.050861122321026357e-12,-2.107392581061936818e-12,9.999999999989102051e-01,6.054451228733194762e-12,4.061627736235378812e-12,6.036219962776541948e-12,1.000000000001259215e+00
1.000000000003090195e+00,-4.212279692372318901e-12,8.101939313171278994e-12,-4.214892707740067498e-12,9.999999999978209653e-01,1.210906162951180923e-11,8.123038503076108227e-12,1.207227333082390053e-11,1.000000000002518874e+00
1.000000000004633405e+00,-6.318248192013124308e-12,1.215318044496325240e-11,-6.322504369645610893e-12,9.999999999967311703e-01,1.816380766107616588e-11,1.218428628569450530e-11,1.810818308053010452e-11,1.000000000003778089e+00
9.999999902298204457e-01,1.003561870811830504e-04,9.737242704053263075e-05,-1.003748193008010018e-04,9.999999766813691959e-01,1.911889788726603239e-04,-9.735320522865041355e-05,-1.911987040014523841e-04,9.999999769877765399e-01
9.999999098782669238e-01,3.467276014438944870e-04,2.450285560638681276e-04,-3.468408641883382465e-04,9.999998330012591641e-01,4.622629979503225443e-04,-2.448681949167056879e-04,-4.623478876956534176e-04,9.999998631434612317e-01
9.999996601496083937e-01,7.124321891302146754e-04,4.149214527503264404e-04,-7.127296571953358568e-04,9.999994888436976037e-01,7.171564427182754945e-04,-4.144102660066447557e-04,-7.174518665408586258e-04,9.999996567715040419e-01
9.999992757567101043e-01,1.051091219720286110e-03,5.862723771961898507e-04,-1.051627325840366264e-03,9.999990285729128958e-01,9.148295241244243413e-04,-5.853101807436409927e-04,-9.154453399903422772e-04,9.999994096957997014e-01
9.999986272106853313e-01,1.475556888320141667e-03,7.538791981840054987e-04,-1.476291302405909143e-03,9.999984354177112733e-01,9.745254710486435162e-04,-7.524399854506157864e-04,-9.756370155385134116e-04,9.999992409955023032e-01
9.999978435169112334e-01,1.862942207100358374e-03,9.178433043450917725e-04,-1.863771070221467707e-03,9.999978554452392254e-01,9.030108824322639676e-04,-9.161590069952031852e-04,-9.047195194602841500e-04,9.999991710829373437e-01
9.999967291971232353e-01,2.314924748551266866e-03,1.087543173321624691e-03,-2.315649432613001331e-03,9.999970973789918949e-01,6.655522617319711929e-04,-1.085999237829869766e-03,-6.680683825827624144e-04,9.999991871641338292e-01
9.999952054458641770e-01,2.820158896661175557e-03,1.278993323843208513e-03,-2.820514821755289343e-03,9.999959840754252260e-01,2.765594871831186146e-04,-1.278208171725507590e-03,-2.801655037376124123e-04,9.999991438682810374e-01
9.999931920067242075e-01,3.364981705972807085e-03,1.514224607619372564e-03,-3.364630528479427719e-03,9.999943121218367592e-01,-2.344121299180705555e-04,-1.515004718282319390e-03,2.293157974095133209e-04,9.999988261113275101e-01
9.999906116802734779e-01,3.932628662852309144e-03,1.819621847386747576e-03,-3.931130849606914897e-03,9.999919319243870675e-01,-8.259954171946688349e-04,-1.822855437320283463e-03,8.188345550472597278e-04,9.999980033728793627e-01
9.999873876781899540e-01,4.503217455669512002e-03,2.223861478554535996e-03,-4.500001627051461971e-03,9.999888251877530054e-01,-1.448952790925188720e-03,-2.230361521825771978e-03,1.438927197902308908e-03,9.999964774981852100e-01
9.999834286094670954e-01,5.054596242957973794e-03,2.755650114122076486e-03,-5.048953811207289831e-03,9.999851511970300200e-01,-2.050715901876519476e-03,-2.765974689773702169e-03,2.036768829611185303e-03,9.999941004732001426e-01
9.999789633402397238e-01,5.499081683541675800e-03,3.439916038599798599e-03,-5.490333961601910097e-03,9.999816835667270087e-01,-2.547303118793878274e-03,-3.453860820427664610e-03,2.528363303912498517e-03,9.999908390788980750e-01
9.999734698381972375e-01,5.879140147082293107e-03,4.300624874455651406e-03,-5.866585189074748595e-03,9.999785101784064434e-01,-2.926149683608629190e-03,-4.317735667893457183e-03,2.900842126478085647e-03,9.999864710509450694e-01
9.999665984859504864e-01,6.175346743433677427e-03,5.354160981656646764e-03,-6.158532170994120321e-03,9.999760706333628013e-01,-3.151291330411032810e-03,-5.373493153806152729e-03,3.118212349828135624e-03,9.999807009784229539e-01
9.999578445989520947e-01,6.373888197603174571e-03,6.609271167827056835e-03,-6.352854197089149481e-03,9.999747046914974069e-01,-3.198627462100146670e-03,-6.629491663430867043e-03,3.156504927409197695e-03,9.999730427960968893e-01
9.999469735432421347e-01,6.409922886674595914e-03,8.059954942869155398e-03,-6.385716680390803209e-03,9.999750343927266139e-01,-3.025427647625881546e-03,-8.079146472442802485e-03,2.973798659960901619e-03,9.999629412693253894e-01
9.999332646461817076e-01,6.286505252339815233e-03,9.692573838508045450e-03,-6.261242327601641323e-03,9.999769276810553942e-01,-2.634568347300758357e-03,-9.708912437289246578e-03,2.573704989750568838e-03,9.999495552559540812e-01
9.999155702080479990e-01,6.076618219058519364e-03,1.148595003891613418e-02,-6.053172735818666307e-03,9.999795267419471223e-01,-2.074897246342467718e-03,-1.149832325134935058e-02,2.005195623819547215e-03,9.999318815519688819e-01
9.998934394647914781e-01,5.802787369984552766e-03,1.339541923255560540e-02,-5.784878505289856206e-03,9.999823217080833215e-01,-1.375301879200741071e-03,-1.340316302506202976e-02,1.297664439493596052e-03,9.999093315272981064e-01
9.998669729884120949e-01,5.493858193529538650e-03,1.535753016241350397e-02,-5.485661753834037910e-03,9.999847878801810808e-01,-5.757848344448990036e-04,-1.536045984552041402e-02,4.914619967934672146e-04,9.998819003872223554e-01
9.998370890254005827e-01,5.180786733785544204e-03,1.729030777945511979e-02,-5.186316584143053215e-03,9.999865131607559299e-01,2.749973353170169065e-04,-1.728864991584095484e-02,-3.646255827904562336e-04,9.998504736267972426e-01
9.998056961061851933e-01,4.891296244170150083e-03,1.909568384877514610e-02,-4.913642270146632678e-03,9.999872968932259631e-01,1.123468200802386734e-03,-1.908994609608088977e-02,-1.217079311610800348e-03,9.998170295865731472e-01
9.997756924062946027e-01,4.644451582892361076e-03,2.066382908062384255e-02,-4.685026370161716504e-03,9.999871904508398357e-01,1.915587159783471022e-03,-2.065466757931913935e-02,-2.011968114422197675e-03,9.997846451424066139e-01
9.997507592649047536e-01,4.446427374992960486e-03,2.187803749743526954e-02,-4.504395930496566530e-03,9.999864723793332466e-01,2.601055860000607740e-03,-2.186617618604227292e-02,-2.698954968402587223e-03,9.997572635131799501e-01
9.997349959894761273e-01,4.288458261641806511e-03,2.261740069912865012e-02,-4.360484885933964619e-03,9.999855750867294724e-01,3.136209637807517783e-03,-2.260362500120202678e-02,-3.234001419421623971e-03,9.997392746772788552e-01
9.997325072615299568e-01,4.146665508171096248e-03,2.275343902350956612e-02,-4.227025893437850318e-03,9.999849940044615026e-01,3.484830674131152335e-03,-2.273864722672397365e-02,-3.580077939556422766e-03,9.997350333553398638e-01
9.997469258969553518e-01,3.979719472020374661e-03,2.214149708638895458e-02,-4.060778379452855552e-03,9.999852129076182150e-01,3.617192128159766196e-03,-2.212677434465889700e-02,-3.706188480337527149e-03,9.997483033092436910e-01
9.997614837835592239e-01,3.876217448026207657e-03,2.149303107967943244e-02,-3.952955030035457812e-03,9.999859600380061053e-01,3.529010445038371566e-03,-2.147905019119675588e-02,-3.613129762551453485e-03,9.997627696775461814e-01
9.997782135614990962e-01,3.738753014114480026e-03,2.072547515982290506e-02,-3.810090738869135064e-03,9.999869492584956276e-01,3.403611388241567330e-03,-2.071247950739835142e-02,-3.481822514762070511e-03,9.997794106866145780e-01
9.997943352400092687e-01,3.601204804559984384e-03,1.995791712656629774e-02,-3.667340414097634057e-03,9.999879021520426958e-01,3.278142971445820435e-03,-1.994587051503751360e-02,-3.350661312377482826e-03,9.997954466977001520e-01
9.998098488805049477e-01,3.463584521035143002e-03,1.919035114559995356e-02,-3.524716090417918599e-03,9.999888186266133738e-01,3.152628148376363480e-03,-1.917921728510470561e-02,-3.219669279540776034e-03,9.998108777486927057e-01
9.998247544541755127e-01,3.325892286145865247e-03,1.842277768599374227e-02,-3.382217752834956129e-03,9.999896987183730657e-01,3.027067034389169502e-03,-1.841252032399926311e-02,-3.088846472992147745e-03,9.998257038230664584e-01
9.998390519325432990e-01,3.188128217627784859e-03,1.765519722039636877e-02,-3.239845381262787278e-03,9.999905424634683015e-01,2.901459740198495275e-03,-1.764578014169380926e-02,-2.958192944614474428e-03,9.998399249047816850e-01
9.998527412875257703e-01,3.050292433259692900e-03,1.688761022150237281e-02,-3.097598955523137194e-03,9.999913498979736692e-01,2.775806376577637583e-03,-1.687899724815550284e-02,-2.827708746128349600e-03,9.998535409784808925e-01
9.998658224914300785e-01,2.912385050864344828e-03,1.612001716205999774e-02,-2.955478455346891801e-03,9.999921210578340824e-01,2.650107054540873190e-03,-1.611217215333782954e-02,-2.697393929032048526e-03,9.998665520295978437e-01
9.998782955169557285e-01,2.774406188308313915e-03,1.535241851488285299e-02,-2.813483860374674152e-03,9.999928559788020532e-01,2.524361885974841374e-03,-1.534530536717221977e-02,-2.567248544437607683e-03,9.998789580422778878e-01
9.998901603371952440e-01,2.636355963501724967e-03,1.458481475280369588e-02,-2.671615150157609017e-03,9.999935546962076538e-01,2.398570984720073320e-03,-1.457839739955303984e-02,-2.437272642504743729e-03,9.998907590008060398e-01
9.999014169256323914e-01,2.498234494397581686e-03,1.381720634835939196e-02,-2.529872304158249218e-03,9.999942172458072820e-01,2.272734457877513894e-03,-1.381144876031875982e-02,-2.307466270776226732e-03,9.999019548903208543e-01
9.999120652561434008e-01,2.360041898989703214e-03,1.304959377396119023e-02,-2.388255301751891855e-03,9.999948436648474770e-01,2.146852414065723424e-03,-1.304445995926829110e-02,-2.177829483395157719e-03,9.999125456965632930e-01
9.999221053029960782e-01,2.221778295317591769e-03,1.228197750209458934e-02,-2.246764122228273129e-03,9.999954339901129252e-01,2.020924962958978513e-03,-1.227743150653845712e-02,-2.048362333430110531e-03,9.999225314057823555e-01
9.999315370408483616e-01,2.083443801465660692e-03,1.151435800530900035e-02,-2.105398744793883330e-03,9.999959882581027637e-01,1.894952214494919534e-03,-1.151036391250974747e-02,-1.919064872458072207e-03,9.999319120046881171e-01
9.999403604447567595e-01,1.945038535562147860e-03,1.074673575620287841e-02,-1.964159148575366030e-03,9.999965065051635849e-01,1.768934278672888369e-03,-1.074325768750641376e-02,-1.789937151572604202e-03,9.999406874804308565e-01
9.999485754901622503e-01,1.806562615778768092e-03,9.979111227413130572e-03,-1.823045312624567860e-03,9.999969887675521640e-01,1.642871265483049998e-03,-9.976113341799876591e-03,-1.660979221619884264e-03,9.999488578205832923e-01
9.999561821529060479e-01,1.668016160330542926e-03,9.211484891608539421e-03,-1.682057215926383150e-03,9.999974350814627710e-01,1.516763284876209610e-03,-9.208931385626785773e-03,-1.532191133277972014e-03,9.999564230131386955e-01
9.999631804092148357e-01,1.529399287475689167e-03,8.443857221484808717e-03,-1.541194837411417841e-03,9.999978454830500407e-01,1.390610446749142044e-03,-8.441712329200339385e-03,-1.403572937089549687e-03,9.999633830465010087e-01
9.999695702357116467e-01,1.390712115515536267e-03,7.676228689761212774e-03,-1.400458155977668756e-03,9.999982200084334139e-01,1.264412860936745420e-03,-7.674456682718211464e-03,-1.275124683477484120e-03,9.999697379094880656e-01
9.999753516094114225e-01,1.251954762794443713e-03,6.908599769178240708e-03,-1.259847150530284555e-03,9.999985586937053528e-01,1.138170637207529343e-03,-6.907164956367632148e-03,-1.146846422752973447e-03,9.999754875913207108e-01
9.999805245077205695e-01,1.113127347699733151e-03,6.140970932495511299e-03,-1.119361800061255017e-03,9.999988615749335619e-01,1.011883885260849748e-03,-6.139837660329001100e-03,-1.018738205120172735e-03,9.999806320816329031e-01
9.999850889084360706e-01,9.742299886616311456e-04,5.373342652490296738e-03,-9.790020838290542423e-04,9.999991286881645403e-01,8.855527147251271262e-04,-5.372475304778369029e-03,-8.908000806789319282e-04,9.999851713704603906e-01
9.999890447897539225e-01,8.352628041532004360e-04,4.605715401956327407e-03,-8.387679818006455856e-04,9.999993600694272455e-01,7.591772351566648510e-04,-4.605078399889208848e-03,-7.630320994265355492e-04,9.999891054482442643e-01
9.999923921302559249e-01,6.962259126902919102e-04,3.838089653702793543e-03,-6.986594717873407688e-04,9.999995557547324276e-01,6.327575560388195479e-04,-3.837647455833737530e-03,-6.354343112588234452e-04,9.999924343058325116e-01
9.999951309089204488e-01,5.571194328314980904e-04,3.070465880553471805e-03,-5.586765300666532517e-04,9.999997157800728509e-01,5.062937867813892788e-04,-3.070182982783474686e-03,-5.080067659709463666e-04,9.999951579344750208e-01
9.999972611051141103e-01,4.179434831781012006e-04,2.302844555346004497e-03,-4.188191340666632236e-04,9.999998401814262916e-01,3.797860367201850648e-04,-2.302685490909633318e-03,-3.807495132578851910e-04,9.999972763258270225e-01
9.999987826985996531e-01,2.786981823740307201e-04,1.535226150931231267e-03,-2.790872615122794620e-04,9.999999289947540948e-01,2.532344151166813400e-04,-1.535155490383646954e-03,-2.536626027148143484e-04,9.999987894719469805e-01
9.999996956695306194e-01,1.393836491058399098e-04,7.676111401726370270e-04,-1.394808901939241486e-04,9.999999822559990648e-01,1.266390311577494812e-04,-7.675934913774618397e-04,-1.267460838373590207e-04,9.999996973652962584e-01
9.999999999984525711e-01,2.102667001754145794e-12,-4.054200052509209838e-12,2.113394192906434852e-12,1.000000000001091349e+00,-6.044560951647507488e-12,-4.063666713855991272e-12,-6.021782646616894837e-12,9.999999999987398969e-01
