1.000000008287160735e+00,1.904963310404863516e-10,-4.685000317018469701e-09,1.908268409075707161e-10,1.000000012082270961e+00,8.306952304712076598e-10,-4.684600930162859394e-09,8.308538906498396440e-10,1.000000003205593790e+00
1.000000016574321249e+00,3.809905620343152732e-10,-9.370002446428491018e-09,3.816556742324569072e-10,1.000000024164542367e+00,1.661389080612722277e-09,-9.369200078537009299e-09,1.661709595071961196e-09,1.000000006411201348e+00
1.000000024861485315e+00,5.714830404294786598e-10,-1.405500605248074798e-08,5.724862220067012572e-10,1.000000036246818436e+00,2.492081164182696400e-09,-1.405379745506828990e-08,2.492566427286774619e-09,1.000000009616806906e+00
9.999581946137764410e-01,7.756924944564355662e-03,-4.849335284574394188e-03,-7.763974350438164473e-03,9.999688906585242343e-01,-1.436974533570650053e-03,4.838001594986078395e-03,1.474571668229289652e-03,9.999872402729044207e-01
9.998267672916067994e-01,1.351537088074572165e-02,-1.280380923431193377e-02,-1.358063001862500237e-02,9.998953110837716096e-01,-5.022945610209757737e-03,1.273451648066290659e-02,5.195965854949072781e-03,9.999055397605767226e-01
9.995867607247325148e-01,1.703001276175886841e-02,-2.316645191817911717e-02,-1.725020737838666232e-02,9.998079114467307571e-01,-9.336567645097900922e-03,2.300286707935687500e-02,9.732332718651228592e-03,9.996883488437324772e-01
9.992119610751413195e-01,1.804179391484938069e-02,-3.536642673503983397e-02,-1.851638599773665003e-02,9.997428104407829474e-01,-1.313459675337722531e-02,3.512011297917855268e-02,1.377907923497644245e-02,9.992887364180573773e-01
9.986824745337659071e-01,1.628158929362517535e-02,-4.867969725009759635e-02,-1.707975040662946045e-02,9.997266732211557150e-01,-1.602101647419151495e-02,4.840511281808547450e-02,1.683127442045885894e-02,9.986870710300499443e-01
9.979239580292105227e-01,1.140733535738039373e-02,-6.340379452215835765e-02,-1.259777641513099358e-02,9.997526964963465712e-01,-1.840129318150366886e-02,6.317750050643132498e-02,1.916169372958985775e-02,9.978200395951338786e-01
9.968991052121182195e-01,3.058558094462229988e-03,-7.865252943014176823e-02,-4.760663349600402494e-03,9.997604920105830351e-01,-2.145281748790878532e-02,7.856696934289769674e-02,2.176047792018568142e-02,9.966736489876062421e-01
9.955688894158291058e-01,-9.156799542195606309e-03,-9.361226522771261271e-02,6.719779928728833798e-03,9.996341481298371967e-01,-2.630237545284396655e-02,9.381715916905589148e-02,2.555636591442032868e-02,9.952644214709164272e-01
9.938727636998293535e-01,-2.563738434552809489e-02,-1.075427079955248305e-01,2.211885629560087288e-02,9.991884548876076577e-01,-3.376803079018501907e-02,1.083186696981990049e-01,3.118180090535815560e-02,9.936308770592363615e-01
9.916960614184854306e-01,-4.677322808294213236e-02,-1.198267906347820350e-01,4.170556823121662066e-02,9.981456465098349495e-01,-4.443893566380056198e-02,1.216797071790342438e-01,3.907162636559402547e-02,9.918047232778633981e-01
9.888052754057814475e-01,-7.292469440451450347e-02,-1.302117726739736026e-01,6.576429444110266920e-02,9.961269561776396886e-01,-5.845403916233415237e-02,1.339656852942265330e-01,4.923523481058435236e-02,9.897675667708055736e-01
9.848706159971187812e-01,-1.043890777442101347e-01,-1.383607452575269792e-01,9.459583928690953880e-02,9.926506602361364617e-01,-7.555628267164243850e-02,1.452254519681571432e-01,6.132331917347547123e-02,9.875025467160005732e-01
9.794405713669521729e-01,-1.413878136663274665e-01,-1.439396932487193859e-01,1.284953000798944867e-01,9.871316796068235755e-01,-9.525756983219967056e-02,1.555487839267336858e-01,7.480165207099606639e-02,9.849989313835000315e-01
9.719317513009848586e-01,-1.840329636917955036e-01,-1.466141516610462714e-01,1.677020136887213686e-01,9.788829329787135380e-01,-1.169605758454584782e-01,1.650343794817844267e-01,8.908786061846951654e-02,9.822636877925560173e-01
9.638291518841819450e-01,-2.220704000780491516e-01,-1.474299710230817517e-01,2.021030779645212883e-01,9.694600440778941008e-01,-1.389933023143830604e-01,1.737838449960707188e-01,1.041670238083785421e-01,9.792675263965259225e-01
9.556119062022697674e-01,-2.556050798739061825e-01,-1.466008977324551876e-01,2.318914196025989027e-01,9.593301345004664471e-01,-1.610351310953204718e-01,1.817883180798025577e-01,1.198885822198879209e-01,9.760112905470289535e-01
9.476343507322705362e-01,-2.849093470515955406e-01,-1.443541160683027014e-01,2.573903338624105586e-01,9.488337478939701253e-01,-1.829981663338997588e-01,1.890921997780036223e-01,1.362567570039314169e-01,9.724703743821260238e-01
9.401152413630634586e-01,-3.104162518108411484e-01,-1.408890928124271191e-01,2.790475903586988604e-01,9.381583567799783863e-01,-2.049849754165815885e-01,1.957910660264962910e-01,1.533913322803605039e-01,9.685864090862014164e-01
9.331415164671689189e-01,-3.326891429209104523e-01,-1.363512236614029816e-01,2.974525451336683668e-01,9.273653726744941483e-01,-2.270400265158800668e-01,2.019631289660303308e-01,1.712989073077549051e-01,9.643093849377901705e-01
9.266833382365493588e-01,-3.523762320033897444e-01,-1.308342317902512209e-01,3.133040963894376807e-01,9.164213243381461593e-01,-2.490950556075365030e-01,2.076544838538589011e-01,1.898376189367981803e-01,9.596189309818994317e-01
9.206215876504034723e-01,-3.701526941482551347e-01,-1.243897922909864701e-01,3.274710644145811811e-01,9.053517025435525722e-01,-2.704447159906934184e-01,2.127008367082636742e-01,2.082391677941280994e-01,9.546851427901293929e-01
9.147625128363467972e-01,-3.867843472562120799e-01,-1.167809665516553186e-01,3.409915304738994069e-01,8.941272004228132397e-01,-2.903503550522831267e-01,2.166976504113993229e-01,2.257760339796303362e-01,9.497882487127322637e-01
9.088302580594253000e-01,-4.029694422690700550e-01,-1.080415424397305618e-01,3.547989197471606571e-01,8.827740271462387600e-01,-3.080108129292540853e-01,2.194730224525741902e-01,2.415919525555559333e-01,9.452491657792524427e-01
9.025138804509249546e-01,-4.193540700694388668e-01,-9.817811013771886308e-02,3.698559201255451345e-01,8.714356301214075673e-01,-3.222552690524536634e-01,2.206741303744430838e-01,2.545232646794225451e-01,9.415687853652530137e-01
8.955168400996407208e-01,-4.364307094454898395e-01,-8.720138214699266199e-02,3.870859358825486929e-01,8.604750411344854744e-01,-3.313415226579921047e-01,2.196231804119667397e-01,2.629625958952801490e-01,9.394927000781952975e-01
8.874383946015075297e-01,-4.548033373049767403e-01,-7.504224377571701299e-02,4.073704087931468987e-01,8.500061631658532013e-01,-3.340303189238157944e-01,2.156875426589456024e-01,2.658566162996175430e-01,9.395893503014394188e-01
8.778245611542457860e-01,-4.750259586367719944e-01,-6.161762685763746972e-02,4.313095464752025321e-01,8.398160707225912347e-01,-3.297200334763072394e-01,2.083584124519206604e-01,2.628556766023520397e-01,9.420833458061764754e-01
8.661581484433376055e-01,-4.975895182696951635e-01,-4.685089116258911446e-02,4.592730097609105666e-01,8.294162407665116588e-01,-3.180688549221859507e-01,1.971143002013402701e-01,2.539766303811467618e-01,9.469249754698565447e-01
8.642828172392944541e-01,-5.010387957734165898e-01,-4.466772040265959420e-02,4.636663593096599367e-01,8.279508567299808108e-01,-3.155014053599298762e-01,1.950491434930116674e-01,2.519676969859645510e-01,9.478885925004786328e-01
8.624487166678660444e-01,-5.043707170015442331e-01,-4.256598168415241801e-02,4.679336037733836107e-01,8.265536803318461745e-01,-3.128527985608593465e-01,1.929652106426572034e-01,2.498977297545200149e-01,9.488623788255396985e-01
8.606014682526772486e-01,-5.076761129449000043e-01,-4.060989086824005889e-02,4.721372779690201638e-01,8.251748813392784099e-01,-3.101644631153869236e-01,1.909620229117019730e-01,2.477509478550101729e-01,9.498298936397771008e-01
8.587433057717632767e-01,-5.109534982243696399e-01,-3.879649212402414699e-02,4.762768003981983633e-01,8.238143579935307548e-01,-3.074393843649714242e-01,1.890373200273786636e-01,2.455301485719143251e-01,9.507908729127518832e-01
8.568763677614978924e-01,-5.142014628268921639e-01,-3.712263847994737298e-02,4.803516110508110337e-01,8.224718036349574213e-01,-3.046811451653489433e-01,1.871891013301303086e-01,2.432387590864186766e-01,9.517448115506760287e-01
8.550032054490386280e-01,-5.174178410286810470e-01,-3.558488344059206748e-02,4.843604741243773271e-01,8.211472669077537478e-01,-3.018935453180718875e-01,1.854151192819380456e-01,2.408807392489695498e-01,9.526911020352138992e-01
8.531267729379071740e-01,-5.205997660513035363e-01,-3.417941530710376374e-02,4.883007594009547425e-01,8.198401292240569127e-01,-2.990846468953015092e-01,1.837149244834886952e-01,2.384640778488360535e-01,9.536277765276671703e-01
8.512499618020408221e-01,-5.237444689601429282e-01,-3.290188252623066356e-02,4.921701721507713012e-01,8.185498560459971706e-01,-2.962621016848737687e-01,1.820876195769177697e-01,2.359966571082219300e-01,9.545530351601325680e-01
8.493755848795863095e-01,-5.268493235454710932e-01,-3.174704322733433448e-02,4.959669663690695063e-01,8.172760540356714953e-01,-2.934325905881051688e-01,1.805312839343751474e-01,2.334859557813500353e-01,9.554654260896197071e-01
8.475063988777162827e-01,-5.299118279254629860e-01,-3.070835531456317380e-02,4.996900268988850313e-01,8.160184513611952184e-01,-2.906016555182171501e-01,1.790425280568811450e-01,2.309391447228394956e-01,9.563638951660164977e-01
8.456451388036445582e-01,-5.329295639816280516e-01,-2.977761256988208788e-02,5.033388822048807665e-01,8.147768570825463241e-01,-2.877736953576471857e-01,1.776161666389505789e-01,2.283633126059689822e-01,9.572477801156169530e-01
8.437945349996953670e-01,-5.359001732867579859e-01,-2.894481650660094343e-02,5.069136560863526375e-01,8.135511224728372293e-01,-2.849520641169882018e-01,1.762451468373143482e-01,2.257656600583574646e-01,9.581167668754443367e-01
8.419572875003170642e-01,-5.388213788477245192e-01,-2.819851280295513837e-02,5.104149536162789769e-01,8.123411362657327883e-01,-2.821392009770334330e-01,1.749208885529496271e-01,2.231534715850432560e-01,9.589708261918509224e-01
8.401359681125026846e-01,-5.416910888139231384e-01,-2.752679833120682054e-02,5.138436775693376868e-01,8.111468552430736167e-01,-2.793368030336698116e-01,1.736342155182955260e-01,2.205337492130404198e-01,9.598101239443490584e-01
8.383328993821248520e-01,-5.445075228797373601e-01,-2.691863470008142370e-02,5.172008462589974265e-01,8.099683948956808432e-01,-2.765458483634966602e-01,1.723764550289757502e-01,2.179125326982190303e-01,9.606349745454870748e-01
8.365503576063861857e-01,-5.472688089689800028e-01,-2.636587438324999172e-02,5.204868236391948511e-01,8.088066102912332411e-01,-2.737663065309471344e-01,1.711408002690230912e-01,2.152936661152457243e-01,9.614458678989170615e-01
8.347910607200431654e-01,-5.499725743970822478e-01,-2.585673213742417653e-02,5.237019610804203307e-01,8.076619463572737301e-01,-2.709993261718663393e-01,1.699180660940530496e-01,2.126841099371440669e-01,9.622430278840323759e-01
8.330573528298020891e-01,-5.526168370898880688e-01,-2.538326479247907802e-02,5.268462845338123257e-01,8.065354906611506003e-01,-2.682447419036044778e-01,1.687016541124850555e-01,2.100877514115265521e-01,9.630269215953418671e-01
8.313515828612569880e-01,-5.551995980164157185e-01,-2.493796555776527091e-02,5.299197140557996288e-01,8.054285579466453626e-01,-2.655018593144408690e-01,1.674850782901028123e-01,2.075079041132662228e-01,9.637981259988346316e-01
8.296760687414571622e-01,-5.577188865621136582e-01,-2.451402047627934677e-02,5.329220578520794671e-01,8.043426872069114886e-01,-2.627694575459432746e-01,1.662621740565287387e-01,2.049471562761565890e-01,9.645573161511197258e-01
8.280330293904124561e-01,-5.601728534094120304e-01,-2.410551610962349475e-02,5.358530684753425311e-01,8.032796012115401840e-01,-2.600457808827533746e-01,1.650272716915147098e-01,2.024072225725358776e-01,9.653052579994948479e-01
8.264245312618716532e-01,-5.625598421686839323e-01,-2.370755296136264206e-02,5.387125012628213305e-01,8.022411641258760939e-01,-2.573285265051483139e-01,1.637752841000196247e-01,1.998888455691999744e-01,9.660428045452476020e-01
8.248521323262985039e-01,-5.648787934434666980e-01,-2.331893233393218107e-02,5.414999783494476304e-01,8.012294512948086034e-01,-2.546148866276700118e-01,1.625039736148881087e-01,1.973902761900925007e-01,9.667708148807924173e-01
8.233170079161294952e-01,-5.671291088739838226e-01,-2.294079248489541353e-02,5.442151840470098589e-01,8.002466418853466656e-01,-2.519014482928834675e-01,1.612127339098557155e-01,1.949079148452795562e-01,9.674902140926056049e-01
8.218205014207309311e-01,-5.693100289546345616e-01,-2.257203317647086052e-02,5.468580328005152591e-01,7.992946304439084715e-01,-2.491850333610579893e-01,1.598992265407000457e-01,1.924396169355963582e-01,9.682018787386534875e-01
8.203638621608714265e-01,-5.714209245865454756e-01,-2.221139686647010877e-02,5.494285401903985511e-01,7.983751351480268266e-01,-2.464626275667995692e-01,1.585610937444583146e-01,1.899834528860365745e-01,9.689066067664924287e-01
8.189481576900254911e-01,-5.734614048577771905e-01,-2.185778965846819910e-02,5.519268278667426308e-01,7.974896220332303720e-01,-2.437316147525892540e-01,1.571963762452931179e-01,1.875377014159598232e-01,9.696050539680588498e-01
8.175742238854508681e-01,-5.754313765539860182e-01,-2.151039527123371764e-02,5.543531265263000885e-01,7.966392323485510518e-01,-2.409900197629601115e-01,1.558037589155641112e-01,1.851009686569798363e-01,9.702976774953208094e-01
8.162426663020279083e-01,-5.773310389624926042e-01,-2.116854823062748470e-02,5.567077683578292024e-01,7.958247293435719572e-01,-2.382367271293407696e-01,1.543825968170659535e-01,1.826724316739362919e-01,9.709846950343694605e-01
8.149538951461158254e-01,-5.791608323731614050e-01,-2.083159050352216199e-02,5.589911524234791873e-01,7.950464966772494702e-01,-2.354716059830485320e-01,1.529328664767820867e-01,1.802520239698823523e-01,9.716660707418369736e-01
8.114105381136970108e-01,-5.841465267726223543e-01,-1.990337759480252655e-02,5.652455982335933271e-01,7.929148894788545787e-01,-2.275940362256718696e-01,1.487251731568870750e-01,1.734202421195888133e-01,9.735601724286586656e-01
8.080502882637145001e-01,-5.888139339351253776e-01,-1.904016453400195555e-02,5.711491613367427611e-01,7.909154665059314748e-01,-2.196721911606844269e-01,1.444007941779945903e-01,1.666298923092633111e-01,9.753948777841664475e-01
8.046627349572237353e-01,-5.934611096757471671e-01,-1.818622938027875113e-02,5.769983221828113296e-01,7.888329161545386548e-01,-2.117285523581768913e-01,1.399944929533407934e-01,1.598752813042676191e-01,9.771657249730822947e-01
8.012476653782496516e-01,-5.980883236903600242e-01,-1.734373543986695437e-02,5.827920601314370286e-01,7.866676461685708777e-01,-2.037640521522536829e-01,1.355089243354654915e-01,1.531564401550184473e-01,9.788723217656778441e-01
7.978051550218024923e-01,-6.026955164837916046e-01,-1.651267160174563209e-02,5.885294535663789794e-01,7.844200766981453965e-01,-1.957794071937098701e-01,1.309448289719167824e-01,1.464745096916541811e-01,9.805143818968914404e-01
7.943352740307564330e-01,-6.072826326160392085e-01,-1.569302880618847484e-02,5.942095948282550832e-01,7.820906396166249497e-01,-1.877753303624806192e-01,1.263029583807203093e-01,1.398306174223493681e-01,9.820916306153532060e-01
7.908380904598255601e-01,-6.118496162142348371e-01,-1.488479980852939685e-02,5.998315850401336746e-01,7.796797802837631686e-01,-1.797525379483778940e-01,1.215840779844041541e-01,1.332258841843035335e-01,9.836038030992508840e-01
7.873136703211566223e-01,-6.163964108981349055e-01,-1.408797913349328808e-02,6.053945342990323386e-01,7.771879574603102192e-01,-1.717117495124160231e-01,1.167889669175248279e-01,1.266614239656090879e-01,9.850506445127386046e-01
7.837620776245760590e-01,-6.209229597132338574e-01,-1.330256309395720822e-02,6.108975618609843172e-01,7.746156432208496367e-01,-1.636536877533157353e-01,1.119184178878019353e-01,1.201383436943090632e-01,9.864319100575859034e-01
7.801833744192926412e-01,-6.254292050643153189e-01,-1.252854980873697316e-02,6.163397963238508304e-01,7.719633228633804301e-01,-1.555790783733678739e-01,1.069732370342908190e-01,1.136577430290763024e-01,9.877473650227893698e-01
7.765776208369352673e-01,-6.299150886496007740e-01,-1.176593921941323714e-02,6.217203758079852260e-01,7.692314948156110388e-01,-1.474886499434790721e-01,1.019542437825397552e-01,1.072207141513588785e-01,9.889967848318834687e-01
7.729448751359077052e-01,-6.343805513955267372e-01,-1.101473310619109115e-02,6.270384481346874539e-01,7.664206705379873474e-01,-1.393831337674381055e-01,9.686227069677016965e-02,1.008283415590481846e-01,9.901799550882924850e-01
7.692851937470416290e-01,-6.388255333921829537e-01,-1.027493510278580137e-02,6.322931710023965701e-01,7.635313744234862865e-01,-1.312632637454428097e-01,9.169816332911671919e-02,9.448170186172505369e-02,9.912966716183828630e-01
7.655986313205268567e-01,-6.432499738294346070e-01,-9.546550710327597958e-03,6.374837121605652079e-01,7.605641436941980027e-01,-1.231297762369279736e-01,8.646278006596526400e-02,8.818186357753951543e-02,9.923467405124016816e-01
7.618852407740995814e-01,-6.476538109337662830e-01,-8.829587310278967302e-03,6.426092495811609462e-01,7.575195282947311259e-01,-1.149834099227340228e-01,8.115699197142790811e-02,8.192988693177928605e-02,9.933299781632007885e-01
7.581450733424651700e-01,-6.520369819058678962e-01,-8.124054176358240856e-03,6.476689716277446163e-01,7.543980907824675564e-01,-1.068249056666572688e-01,7.578168262799513111e-02,7.572682365718105824e-02,9.942462113028116555e-01
7.543781786279361024e-01,-6.563994228589978830e-01,-7.429962485463739545e-03,6.526620772220690370e-01,7.512004062147018546e-01,-9.865500637642279913e-02,7.033774797440603410e-02,6.957371679603893688e-02,9.950952770367463840e-01
7.505846046522619552e-01,-6.607410687581490860e-01,-6.747325327593189752e-03,6.575877760081496604e-01,7.479270620326945451e-01,-9.047445686412043664e-02,6.482609614077865234e-02,6.347160050416274235e-02,9.958770228761478771e-01
7.467643979096283413e-01,-6.650618533600440863e-01,-6.076157714753492069e-03,6.624452885137573910e-01,7.445786579426785234e-01,-8.228400370614603887e-02,5.924764728104350148e-02,5.742149985673963841e-02,9.965913067676450687e-01
7.429176034208002655e-01,-6.693617091539897368e-01,-5.416476588856409743e-03,6.672338463092791772e-01,7.411558057938478772e-01,-7.408439510268856332e-02,5.360333340272378788e-02,5.142443065615035641e-02,9.972379971210252325e-01
7.390442647883888050e-01,-6.736405673036174324e-01,-4.768300828596204292e-03,6.719526921639042971e-01,7.376591294533699772e-01,-6.587638073680548989e-02,4.789409819410739982e-02,4.548139924179202959e-02,9.978169728346485412e-01
7.351444242532143569e-01,-6.778983575895342062e-01,-4.131651255305626540e-03,6.766010801990838264e-01,7.340892646784571429e-01,-5.766071163312781050e-02,4.212089684885606672e-02,3.959340230195836086e-02,9.983281233185936632e-01
7.312181227517426940e-01,-6.821350083529142960e-01,-3.506550637787173973e-03,6.811782760392192104e-01,7.304468589855351857e-01,-4.943814001623682980e-02,3.628469588809843382e-02,3.376142668782688983e-02,9.987713485155675919e-01
7.272653999745675168e-01,-6.863504464400527194e-01,-2.893023696116929933e-03,6.856835569595327584e-01,7.267325715165509070e-01,-4.120941916875486832e-02,3.038647298005401481e-02,2.798644922960323925e-02,9.991465589195380748e-01
7.232862944259141891e-01,-6.905445971479116096e-01,-2.291097104418767655e-03,6.901162120310767589e-01,7.229470729024563003e-01,-3.297530328919229953e-02,2.442721675723661182e-02,2.226943655487061136e-02,9.994536755921152871e-01
7.192808434841383436e-01,-6.947173841706788533e-01,-1.700799492607148015e-03,6.944755422628378083e-01,7.190910451239146406e-01,-2.473654734959248105e-02,1.840792663128577519e-02,1.661134490919270387e-02,9.996926301766554390e-01
7.152490834631929362e-01,-6.988687295473683392e-01,-1.122161447097199533e-03,6.987608607408924977e-01,7.151651813692679882e-01,-1.649390695301795537e-02,1.232961260547632033e-02,1.101311997901709659e-02,9.998633649100737708e-01
7.111910496750342148e-01,-7.029985536104823574e-01,-5.552155104811807261e-04,7.029714927645748235e-01,7.111701858898130668e-01,-8.248138190919504509e-03,6.193295084956262214e-03,5.475696716925554028e-03,9.999658326324052382e-01
7.071067764929439559e-01,-7.071067749357635712e-01,3.819829069269470712e-09,7.071067759796149099e-01,7.071067738524271507e-01,2.499569050393747060e-09,4.684764451688172681e-09,-8.307232451112206186e-10,9.999999967940642609e-01
