1.000000000000000000e+00,0.000000000000000000e+00,0.000000000000000000e+00,0.000000000000000000e+00,1.000000000000000000e+00,0.000000000000000000e+00,0.000000000000000000e+00,0.000000000000000000e+00,1.000000000000000000e+00
1.000000000000000000e+00,4.458819526728492789e-20,1.426651715201776941e-19,-4.458819526728492789e-20,1.000000000000000000e+00,5.816330150838278773e-19,-1.426651715201776941e-19,-5.816330150838278773e-19,1.000000000000000000e+00
9.997982431989608232e-01,1.987027558329847524e-02,-2.940245655636645420e-03,-1.985425307041491574e-02,9.997884002566450601e-01,5.381760611028123253e-03,3.046560566874981658e-03,-5.322298422887084338e-03,9.999811956273028102e-01
9.992683337876742122e-01,3.775664259875495532e-02,-6.101887320754755505e-03,-3.768371315216675899e-02,9.992217472226108121e-01,1.165494060294099479e-02,6.537189936855022920e-03,-1.141647130521299298e-02,9.999134609208272240e-01
9.985117063012886041e-01,5.372322455180475465e-02,-9.390821212520425454e-03,-5.354184397578524990e-02,9.983923096897123761e-01,1.860287332952272055e-02,1.037513002144214123e-02,-1.807238490620320312e-02,9.997828492131880518e-01
9.976149119858814807e-01,6.781681209773943175e-02,-1.285952488633138567e-02,-6.746648643367222919e-02,9.973837883057158349e-01,2.595866008164050831e-02,1.458631522000653109e-02,-2.502915943133006069e-02,9.995803022201187327e-01
9.966512230482449386e-01,8.006590664814970670e-02,-1.660693195769491481e-02,-7.947858881901577466e-02,9.962756381239780135e-01,3.343660867968262923e-02,1.922221412261216830e-02,-3.200474141858025007e-02,9.993028585023433497e-01
9.956819725931892462e-01,9.047601792918709418e-02,-2.077256923476636721e-02,-8.957755036250400482e-02,9.951465357089950281e-01,4.073370763186968946e-02,2.435717397377631932e-02,-3.869706249914837276e-02,9.989540857466614465e-01
9.947568754647152511e-01,9.903091315888930268e-02,-2.552718070202348102e-02,-9.774331305534607328e-02,9.940758404319178787e-01,4.753386395550689147e-02,3.008327556370569977e-02,-4.478952677236661128e-02,9.985433865500615846e-01
9.939135217814744072e-01,1.056937816511999140e-01,-3.106019543105993652e-02,-1.039394426956427586e-01,9.931428282413541364e-01,5.351555815726279086e-02,3.650347205494788860e-02,-4.996145747506425261e-02,9.980838388105985892e-01
9.931758755633328661e-01,1.104115542289523799e-01,-3.756286586184356957e-02,-1.081205930212044974e-01,9.924232303269908684e-01,5.836153932242989922e-02,4.372204894273385573e-02,-5.390195358321971109e-02,9.975885734290271811e-01
9.925522564067446041e-01,1.131202570339561175e-01,-4.520869109421715021e-02,-1.102419240945204659e-01,9.919834451300411082e-01,6.177024170158870731e-02,5.183373875979464807e-02,-5.632629968768054080e-02,9.970660015714482016e-01
9.920336582288948879e-01,1.137497716971224981e-01,-5.413141767817817446e-02,-1.102679584918591638e-01,9.918731336397260678e-01,6.347175823740584810e-02,6.091139688953531306e-02,-5.699715960083085592e-02,9.965144883675315368e-01
9.915930986514915890e-01,1.122286771243945769e-01,-6.440380996216130138e-02,-1.081803982339777648e-01,9.921175792076230016e-01,6.324326418792590443e-02,7.099385990824676196e-02,-5.574435449544831722e-02,9.959178875776929507e-01
9.911864990822741861e-01,1.084866545350997719e-01,-7.602611278243485982e-02,-1.039806795941918827e-01,9.927116576236101331e-01,6.092276330990140099e-02,8.208131521945533082e-02,-5.248057360553692874e-02,9.952429085835671208e-01
9.907548870986599976e-01,1.024570612158831190e-01,-8.892302456128427235e-02,-9.768952197385460945e-02,9.936166304946865147e-01,5.641585682151221970e-02,9.413559893388766253e-02,-4.720743809391031443e-02,9.944395138981396709e-01
9.902279435831535803e-01,9.407606427833931084e-02,-1.029481125469386277e-01,-8.934025226303642098e-02,9.947606632330767695e-01,4.969448872527004735e-02,1.070837946313837885e-01,-4.001146103289340145e-02,9.934445852252441478e-01
9.895279899869090512e-01,8.328416137841390676e-02,-1.178902264649719506e-01,-7.897229630501659270e-02,9.960417816803267543e-01,4.079394027784444265e-02,1.208210803162292207e-01,-3.105668383092412971e-02,9.921883636390047556e-01
9.885746380708644310e-01,7.002958394596106584e-02,-1.334767482950323936e-01,-6.662563649533750909e-02,9.973327617606106976e-01,2.980581957509943064e-02,1.352080231519231235e-01,-2.057230398637489160e-02,9.906036395976151043e-01
9.872885794719876706e-01,5.427419530743504000e-02,-1.493839769450383825e-01,-5.233623266321230788e-02,9.984869031621133040e-01,1.687669885831086583e-02,1.500739137718726246e-01,-8.843977468446744331e-03,9.886352231575256111e-01
9.855955234958658773e-01,3.599788711452257817e-02,-1.652441109032349864e-01,-3.612994079485014332e-02,9.993446622661450451e-01,2.207572948824209833e-03,1.652152881638716264e-01,3.794485927479853554e-03,9.862502270891881917e-01
9.834295423835796024e-01,1.520454251154840578e-02,-1.806520330752969805e-01,-1.801828319300103134e-02,9.997404114111412277e-01,-1.394457823880171365e-02,1.803931169363190701e-01,1.696854968745890521e-02,9.834482150492236396e-01
9.807358757590793896e-01,-8.073229477224991638e-03,-1.951716295081843966e-01,2.006241674867478061e-03,9.995091757580488734e-01,-3.126311836344662642e-02,1.953282288698025004e-01,3.026930031026348750e-02,9.802707036657341000e-01
9.774728953019958810e-01,-3.376866093927070184e-02,-2.083420660555668491e-01,2.397289079277815579e-02,9.984930357532584289e-01,-4.936555539319771591e-02,2.096951107130806402e-01,4.325893076128814463e-02,9.768094110175328249e-01
9.736103300997254184e-01,-6.178002224144670679e-02,-2.196955938906154371e-01,4.793543149048387630e-02,9.965464454881668432e-01,-6.780395558313934146e-02,2.231257930650892285e-01,5.548342848766261992e-02,9.732093657750782167e-01
9.691227340248161903e-01,-9.196539770507691780e-02,-2.287870014253702011e-01,7.397392739572083986e-02,9.935428022789786207e-01,-8.602649653034867561e-02,2.352211394877551098e-01,6.644596048354280138e-02,9.696679585680358926e-01
9.639546887487879800e-01,-1.241773093392734978e-01,-2.353111852090450928e-01,1.021819153124847862e-01,9.893653127059449659e-01,-1.035139323827411334e-01,2.456628059399699748e-01,7.573819287205717232e-02,9.663920073749453499e-01
9.580161456173268419e-01,-1.582637745906360915e-01,-2.390766454274547148e-01,1.326601109903919051e-01,9.839029432500330241e-01,-1.197342608276250886e-01,2.541778111648172467e-01,8.299142073880426407e-02,9.635901952568934892e-01
9.512027903002450158e-01,-1.940791438143883718e-01,-2.398885942709694796e-01,1.655290433048130783e-01,9.770434774531727706e-01,-1.341125608912263900e-01,2.604100373403859803e-01,8.785971262463593279e-02,9.614922169991267920e-01
9.433734996106121207e-01,-2.314906197517880293e-01,-2.376100443991352729e-01,2.009108423465263138e-01,9.686615842229917561e-01,-1.460464606836162360e-01,2.639721077311678044e-01,9.003792655062085870e-02,9.603186440564560611e-01
9.339073186337667476e-01,-2.720132040125279871e-01,-2.320041746286601037e-01,2.404863213764976693e-01,9.581443373478082393e-01,-1.553246858652121420e-01,2.645438516259391859e-01,8.926503039357530644e-02,9.602334637554285068e-01
9.226402732998445488e-01,-3.151748369996740240e-01,-2.222605412740079889e-01,2.843086952596359795e-01,9.452540616639685256e-01,-1.601977674860997347e-01,2.605829846420321116e-01,8.461430747808645902e-02,9.617364124774807621e-01
9.094491323772705416e-01,-3.576908557856647852e-01,-2.120366178412254610e-01,3.275907210831165983e-01,9.303990997421873743e-01,-1.644440167934565766e-01,2.560987994475391050e-01,8.009223986281038821e-02,9.633268593967926341e-01
8.943452134109342033e-01,-3.994384534504750728e-01,-2.014834016837105113e-01,3.702243151283193257e-01,9.136385001463915856e-01,-1.679245292922201260e-01,2.511585071955828030e-01,7.558844458870594973e-02,9.649900472584923561e-01
8.773579851557558040e-01,-4.403337299763460666e-01,-1.906545885326295653e-01,4.121198927309685511e-01,8.950133394245908258e-01,-1.706115947626386242e-01,2.457644398582569667e-01,7.111489645042531893e-02,9.667173897287681950e-01
8.585198767225135086e-01,-4.802959248801367820e-01,-1.796091473613988243e-01,4.531887202011982141e-01,8.745678683146366206e-01,-1.724848619270253902e-01,2.399241654247328825e-01,6.668484276894964813e-02,9.684985940052399656e-01
8.378673671344277762e-01,-5.192467414492809574e-01,-1.684075312612801634e-01,4.933434189491833766e-01,8.523497828408138632e-01,-1.735284376427668473e-01,2.336461984941027858e-01,6.231106792146531848e-02,9.703230311312524003e-01
8.154409543337731714e-01,-5.571104989001002261e-01,-1.571112408788721826e-01,5.324981847737881857e-01,8.284100424198815871e-01,-1.737310704235169867e-01,2.269399330392024572e-01,5.800597928802497111e-02,9.721798049532812680e-01
7.912851013077056850e-01,-5.938142441457350262e-01,-1.457824814512179712e-01,5.705689921631389439e-01,8.028027057851007120e-01,-1.730862235016134010e-01,2.198156355457561439e-01,5.378158638178080070e-02,9.740578151916213789e-01
7.654481720726952210e-01,-6.292878513914139660e-01,-1.344838130101082552e-01,6.074737984204402474e-01,7.755847659470775923e-01,-1.715921183022337537e-01,2.122844320792312001e-01,4.964948058121337188e-02,9.759458227662098917e-01
7.379823563891839688e-01,-6.634641106058414284e-01,-1.232777984726233650e-01,6.431327465871233828e-01,7.468159846920017220e-01,-1.692517511750062098e-01,2.043582930188029556e-01,4.562081703021652473e-02,9.778325158880414314e-01
7.089435830737816913e-01,-6.962788052710283671e-01,-1.122266516868700020e-01,6.774683663805907141e-01,7.165587275250030475e-01,-1.660728832812535527e-01,1.960500154861234412e-01,4.170629854214039089e-02,9.797065765267704007e-01
6.783914218473675595e-01,-7.276707799099636498e-01,-1.013918873930245157e-01,7.104057723534362712e-01,6.848777998796726774e-01,-1.620680037480635161e-01,1.873732034491884801e-01,3.791616142480124657e-02,9.815567468730461709e-01
6.463889737203315500e-01,-7.575819979588489517e-01,-9.083397503930996930e-02,7.418728584628392353e-01,6.518402853390484752e-01,-1.572542663499744420e-01,1.783422454970725046e-01,3.426016313115090584e-02,9.833718954156096537e-01
6.130027499819525882e-01,-7.859575906084255159e-01,-8.061199835972460148e-02,7.718004882269580147e-01,6.175153865321569846e-01,-1.516534001222974715e-01,1.689722902939334581e-01,3.074757162809807487e-02,9.851410822576620596e-01
5.783025399282237800e-01,-8.127458972873470300e-01,-7.078332257767443181e-02,8.001226796395619623e-01,5.819742692841120002e-01,-1.452915944492784162e-01,1.592792197336339310e-01,2.738715636560151712e-02,9.868536233035022365e-01
5.423612675306406228e-01,-8.378984984991796336e-01,-6.140327104773005140e-02,8.267767840149454761e-01,5.452899105078334863e-01,-1.381993593047556035e-01,1.492796198295104348e-01,2.418718071961237226e-02,9.884991529548183831e-01
5.052548373169738483e-01,-8.613702417531915456e-01,-5.252481308705225782e-02,8.517036579424691611e-01,5.075369502327895521e-01,-1.304113614521267561e-01,1.389907493871332111e-01,2.115539577579566427e-02,9.900676849662209955e-01
4.670619698032117961e-01,-8.831192613474563302e-01,-4.419826467915861229e-02,8.748478275438705820e-01,4.687915480718481964e-01,-1.219662375337945692e-01,1.284305065212072994e-01,1.829903531625298382e-02,9.915496711215228132e-01
4.278640268830519733e-01,-9.031069927709065581e-01,-3.647100365619380946e-02,8.961576442467505954e-01,4.291312443324750148e-01,-1.129063850973663213e-01,1.176173930909552579e-01,1.562481186872206190e-02,9.929360574057898292e-01
3.877448276469515620e-01,-9.212981824888835103e-01,-2.938720088229054492e-02,9.155854313142471890e-01,3.886348258842101666e-01,-1.032777327163567904e-01,1.065704771412676610e-01,1.313891367694506110e-02,9.942183373632128562e-01
3.467904551661966095e-01,-9.376608938646338043e-01,-2.298756887053433201e-02,9.330876204036994137e-01,3.473821968016794215e-01,-9.312949046664838193e-02,9.530935344949365007e-02,1.084700245205589761e-02,9.953886023472658939e-01
3.050890548381540168e-01,-9.521665099473490823e-01,-1.730912917004301388e-02,9.486248774658504468e-01,3.054542537123791091e-01,-8.251388211621989155e-02,8.385410228985681891e-02,8.754211767895921786e-03,9.964395883873160553e-01
2.627306249462779686e-01,-9.647897338261341993e-01,-1.238499975829962865e-02,9.621622173405545153e-01,2.629327656921294776e-01,-7.148586047443204750e-02,7.222524653900756764e-02,6.865145968066520624e-03,9.973647194147261530e-01
2.198068001420261097e-01,-9.755085872091721066e-01,-8.244203567684026818e-03,9.736691064547132735e-01,2.199002584693680595e-01,-6.010280742826491079e-02,6.044370725706142006e-02,5.183879459186195755e-03,9.981581466114344270e-01
1.764106286051258521e-01,-9.843044078388939466e-01,-4.911499164668237973e-03,9.831195530828805706e-01,1.764399026232489620e-01,-4.842422026618840858e-02,4.853075788852088263e-02,3.713956273140533657e-03,9.988147836649023947e-01
1.326363436831659026e-01,-9.911618462978012412e-01,-2.407234485890951889e-03,9.904921846902282612e-01,1.326354053906600161e-01,-3.651138595569784762e-02,3.650797723664943317e-02,2.458389790981796615e-03,9.993303377350867267e-01
8.857913085087139315e-02,-9.960688626964242509e-01,-7.472244178070137043e-04,9.957703119408796155e-01,8.857090563452833798e-02,-2.442704509787383196e-02,2.439720137307258008e-02,1.419662532420280961e-03,9.997013359616233608e-01
4.433489086329523571e-02,-9.990167236655360661e-01,5.734711369991820577e-05,9.989419790215046113e-01,4.433087147083632218e-02,-1.223504733156881470e-02,1.222047465155160287e-02,5.997259274082131133e-04,9.999251473625919706e-01
5.215190336950353335e-12,-9.999999999999863443e-01,-1.338577686194053484e-14,9.999999999999842348e-01,5.215954761950635475e-12,-9.407613577039342090e-13,9.422723018515100080e-13,-7.918843261244673526e-15,9.999999999999992228e-01
