-1.000000000000000000e+00,1.224606353822377258e-16,0.000000000000000000e+00,-1.224606353822377258e-16,-1.000000000000000000e+00,-0.000000000000000000e+00,-0.000000000000000000e+00,0.000000000000000000e+00,1.000000000000000000e+00
-1.000000000000000000e+00,1.192556627522404845e-15,3.498384100197481775e-14,-1.192556627522361063e-15,-1.000000000000000000e+00,1.255876006720696476e-15,3.498384100197481775e-14,1.255876006720654667e-15,1.000000000000000000e+00
-9.999851124254667267e-01,8.555275552448583613e-04,5.389155780701586351e-03,-8.817833453611804333e-04,-9.999877455115997460e-01,-4.871476650862397416e-03,5.384922056845039412e-03,-4.876156194203650103e-03,9.999736125094558226e-01
-9.998490172699873169e-01,8.889942761802895142e-04,1.735374176992299927e-02,-1.052674572639485931e-03,-9.999550283521266847e-01,-9.425133926991718231e-03,1.734458245344551106e-02,-9.441978737242034958e-03,9.998049882337259886e-01
-9.995322657056281423e-01,1.839657766499888485e-03,3.052647167091570440e-02,-2.241543640048410460e-03,-9.999112043783069392e-01,-1.313616537783094187e-02,3.049959500522623351e-02,-1.319844756121424725e-02,9.994476352898590266e-01
-9.990846492797890166e-01,1.087966671660834913e-03,4.276306703221708500e-02,-1.165317784009123163e-03,-9.999977297869347970e-01,-1.783943788084720386e-03,4.276102907955805360e-02,-1.832143416364898775e-03,9.990836489716758972e-01
-9.989052939851778001e-01,7.216311622605198293e-04,4.677277944329076564e-02,-1.777600261212541454e-04,-9.999323411577584197e-01,1.163105791135801530e-02,4.677800818502411001e-02,1.161001099180809966e-02,9.988378374866522247e-01
-9.984297275383167136e-01,2.827544072845556387e-03,5.594715508654966862e-02,-1.263553149309353234e-03,-9.996079521245101462e-01,2.797043944742123520e-02,5.600430877353274051e-02,2.785582603261126111e-02,9.980418680370275464e-01
-9.971033698106842591e-01,3.675263540374517496e-03,7.596948301841868756e-02,8.938731808498177585e-04,-9.981965915452437610e-01,6.002304239368662364e-02,7.605307950973168307e-02,5.991708492046769752e-02,9.953018999437907022e-01
-9.945669039909417197e-01,5.370046512140651783e-03,1.039607430058542559e-01,2.934264323417485731e-03,-9.968256027154294152e-01,7.956197498743330931e-02,1.040579818118348293e-01,7.943475543789435545e-02,9.913939963756939200e-01
-9.907021662577171206e-01,7.353947742805099982e-03,1.358496861419332125e-01,4.611932031665785456e-03,-9.961487794401076012e-01,8.755763417840205232e-02,1.359703933038401147e-01,8.737006737195338046e-02,9.868528377991416800e-01
-9.869021619996992678e-01,8.176917788959429598e-03,1.611125713772543211e-01,6.381232340214027660e-03,-9.959541488206073989e-01,8.963600460105040912e-02,1.611936801308863354e-01,8.949006348467924976e-02,9.828571239113897962e-01
-9.834899381781085914e-01,7.880842010345319101e-03,1.807911331664995847e-01,8.064569806706896327e-03,-9.961499764820846980e-01,8.729368286751761075e-02,1.807830307751581433e-01,8.731046148056922918e-02,9.796399231859621581e-01
-9.809529828063667800e-01,6.831214591953246353e-03,1.941251658865722207e-01,9.906329185113083025e-03,-9.963215493563801761e-01,8.511894577694222030e-02,1.939925518296171103e-01,8.542075154961198402e-02,9.772769234149205619e-01
-9.777119252383643655e-01,6.274995487910922827e-03,2.098571315879360355e-01,1.006740052867299666e-02,-9.970022303394862062e-01,7.671505813518576800e-02,2.097094148894724785e-01,7.711794298161976646e-02,9.747177971992706524e-01
-9.750546958344546988e-01,5.113986004318782363e-03,2.219058072208237031e-01,1.013456231581942764e-02,-9.976662266991053185e-01,6.752326081163118054e-02,2.217332423833749955e-01,6.808779076395729546e-02,9.727273112085621509e-01
-9.730864279512081438e-01,3.838402626607238625e-03,2.304084859601158164e-01,1.004923503253054608e-02,-9.982032467721045910e-01,5.907022099915631291e-02,2.302212340606700214e-01,5.979585937926022027e-02,9.712994587606221808e-01
-9.715633972690858045e-01,2.394359022742983262e-03,2.367674642593896039e-01,9.927356349173323963e-03,-9.986576970115268459e-01,5.083553673907056925e-02,2.365713691106082761e-01,5.174042176580197216e-02,9.702354951621946499e-01
-9.706658825819565184e-01,1.186574219914087076e-03,2.404294832856621600e-01,9.691952784251705449e-03,-9.989819296035645779e-01,4.405871510570889826e-02,2.402369880818058523e-01,4.509652278345660514e-02,9.696661761607564545e-01
-9.703920018765445077e-01,3.428312537653585915e-04,2.415351841052611193e-01,9.367021093539054655e-03,-9.991933062506330732e-01,3.905119280843284690e-02,2.413537271513828963e-01,4.015743032938791368e-02,9.696059814066102511e-01
-9.705982402094399664e-01,-5.557633008389134847e-04,2.407046888398523266e-01,9.098859340471672497e-03,-9.993673419239031963e-01,3.438206879543936889e-02,2.405332967824601043e-01,3.556131357395918985e-02,9.699892402062278984e-01
-9.713208404749409386e-01,-1.496394654339523386e-03,2.377679239554638113e-01,8.897587505246303333e-03,-9.995085635576546057e-01,3.005768306939255591e-02,2.376060979765445280e-01,3.131121489102628441e-02,9.708568123191022581e-01
-9.726112167921372453e-01,-2.048597451670322762e-03,2.324289659629318050e-01,8.652265677096203020e-03,-9.995872235846466891e-01,2.739563368477493030e-02,2.322769021421839108e-01,2.865633777750466182e-02,9.722274708299554202e-01
-9.744803679576412581e-01,-2.600191939124732801e-03,2.244576830206945206e-01,8.445775541236341319e-03,-9.996495951842547800e-01,2.508696321722659120e-02,2.243138010480986433e-01,2.634247235616155383e-02,9.741608659813423277e-01
-9.768199707661785469e-01,-2.819728894076404570e-03,2.140439063400888520e-01,8.150390321078913869e-03,-9.996781067405404730e-01,2.402611165508338614e-02,2.139072599281635900e-01,2.521372706706368622e-02,9.765285208929704863e-01
-9.797506909617500481e-01,-3.082970151474043359e-03,2.001975995236129346e-01,7.863963293759546058e-03,-9.997024482553830138e-01,2.309053991372400638e-02,2.000668429332712606e-01,2.419731900930344182e-02,9.794834087984725102e-01
-9.829175973380529507e-01,-3.045564291883957279e-03,1.840209808183065343e-01,7.475043894644020116e-03,-9.996986667656837522e-01,2.338160357390190597e-02,1.838943190040429609e-01,2.435775451592279289e-02,9.826441773261475054e-01
-9.866367171859475871e-01,-3.185532606845495329e-03,1.629043912316227583e-01,7.060452460466565966e-03,-9.997056089635645293e-01,2.321304413130016037e-02,1.627824877300638740e-01,2.405302036749065037e-02,9.863687514817227608e-01
-9.903627519130633328e-01,-3.166298115245467799e-03,1.384615259898133721e-01,6.541545752857608892e-03,-9.996922696868426605e-01,2.392852079698981269e-02,1.383431523507602234e-01,2.460366811298866918e-02,9.900786997572668113e-01
-9.939810204552038675e-01,-3.087072327830059273e-03,1.095089081274782106e-01,5.881937293958382218e-03,-9.996649246610754824e-01,2.520795937865728115e-02,1.093943955991332345e-01,2.570035771752679152e-02,9.936661198937455364e-01
-9.966514992640068682e-01,-3.046698311445940246e-03,8.170989318438919013e-02,5.219858403220091828e-03,-9.996379462421438600e-01,2.639563431780130032e-02,8.159989027600214606e-02,2.673376258942591899e-02,9.963065611772092822e-01
-9.990886845988538045e-01,-3.118913554780367546e-03,4.256844705609402063e-02,4.295277666107851292e-03,-9.996106132660131927e-01,2.757122477721842338e-02,4.246587920084434614e-02,2.772894199537145540e-02,9.987130493187298397e-01
-9.999412192503835950e-01,-3.131882276537042292e-03,1.038023879588615556e-02,3.432173965585252114e-03,-9.995723941806541335e-01,2.903874952240626667e-02,1.028485420040874121e-02,2.907266938829326103e-02,9.995243877308419567e-01
-9.998883544099104181e-01,-3.130849829056549325e-03,-1.461083484222430555e-02,2.682572496301933399e-03,-9.995280941817700215e-01,3.060053506331144105e-02,-1.469974558422516495e-02,3.055792402482152351e-02,9.994249000095263291e-01
-9.994563786912186165e-01,-3.137818892532174154e-03,-3.281921976571797878e-02,2.078067508310028032e-03,-9.994768669075201339e-01,3.227497718292675344e-02,-3.290332397894990546e-02,3.218923126334650303e-02,9.989400505845235090e-01
-9.989875530989887897e-01,-3.163571515844529423e-03,-4.487605785445508005e-02,1.644747228078400356e-03,-9.994258589787511360e-01,3.384150131334732331e-02,-4.495735267837734639e-02,3.373342881845390467e-02,9.984191966405201457e-01
-9.986764054105449206e-01,-3.190376813977366822e-03,-5.133477156913183320e-02,1.370968226425703894e-03,-9.993709263713203006e-01,3.543828395748263582e-02,-5.141553969756862408e-02,3.532099969584488047e-02,9.980525383255598459e-01
-9.986023535490459180e-01,-3.215590972551517126e-03,-5.275414164784619081e-02,1.262975731581978322e-03,-9.993142764215203755e-01,3.700515953802185204e-02,-5.283696034600422753e-02,3.688681220748491613e-02,9.979216495830540712e-01
-9.987544874500886571e-01,-3.239719883974046585e-03,-4.978933634204912861e-02,1.322671031925068581e-03,-9.992581862744237542e-01,3.848802027761621947e-02,-4.987709233355158006e-02,3.837422805246084451e-02,9.980178827464603053e-01
-9.990647871434457095e-01,-3.261665491452140665e-03,-4.311510904823347146e-02,1.543182962240170503e-03,-9.992052248275898885e-01,3.983136030304144232e-02,-4.321075880338431929e-02,3.972757500109368178e-02,9.982757886016105919e-01
-9.994373038705011147e-01,-3.279250112970039186e-03,-3.338146417936177501e-02,1.909449383812565192e-03,-9.991579685317010240e-01,4.098423993018462941e-02,-3.348775350948600404e-02,4.089743804079745693e-02,9.986020077721585730e-01
-9.997685237855148399e-01,-3.294617090149349042e-03,-2.126133452912795652e-02,2.401537022010733977e-03,-9.991191519648654484e-01,4.189454376097070248e-02,-2.138063300424262667e-02,4.183378628856430914e-02,9.988957917906652328e-01
-9.999669911965265445e-01,-3.313821211737912140e-03,-7.418564978507043509e-03,2.995529670104093121e-03,-9.990914562364763274e-01,4.251222032866273232e-02,-7.552702785044796210e-03,4.248859451963400702e-02,9.990684040727073612e-01
-9.999670072000008680e-01,-3.345194824857835366e-03,7.402309305538961465e-03,3.658976692046311298e-03,-9.990773726646537956e-01,4.279036479231983908e-02,7.252337625771875483e-03,4.281603789558868778e-02,9.990566502946089944e-01
-9.997420377883480258e-01,-3.391177902391421563e-03,2.245791155102155184e-02,4.347906633291374542e-03,-9.990789008355024370e-01,4.269011142211785043e-02,2.229245582495018030e-02,4.277674388916234000e-02,9.988359207575250309e-01
-9.992957239402097125e-01,-3.478619797234632112e-03,3.736248545153649653e-02,5.052104969674013797e-03,-9.991005210827079708e-01,4.210255345744773336e-02,3.718241990760395854e-02,4.226166083542075291e-02,9.984144528567511223e-01
-9.986603876162482019e-01,-3.594909912657813771e-03,5.161886117382285394e-02,5.715214785621976906e-03,-9.991433133563467628e-01,4.098750657524459495e-02,5.142729359121213373e-02,4.122761208245494247e-02,9.978253942829181655e-01
-9.979140139898143858e-01,-3.761629371891168309e-03,6.444742684702585434e-02,6.313377602315083451e-03,-9.992021342194937761e-01,3.943648354581877347e-02,6.424766101567284948e-02,3.976110053403418554e-02,9.971415611327896222e-01
-9.971594572862472194e-01,-3.995270210505071258e-03,7.521339349171536626e-02,6.828521013461235321e-03,-9.992751675204962769e-01,3.745011185100622503e-02,7.500925306496046552e-02,3.785732944661058391e-02,9.964639655109494010e-01
-9.965124734550508956e-01,-4.293420937569459618e-03,8.333340737751630811e-02,7.236917865161578492e-03,-9.993592842701078949e-01,3.505207501633308270e-02,8.312952103980365826e-02,3.553290699887326487e-02,9.959050633729608082e-01
-9.960861986403005686e-01,-4.651157462919322180e-03,8.826466797404694531e-02,7.528338048460403963e-03,-9.994501128579844629e-01,3.229235256822152178e-02,8.806593555139087537e-02,3.283045297307591454e-02,9.955734791330270728e-01
-9.959684302554634439e-01,-5.058542232489462651e-03,8.956169429475965837e-02,7.707661312276707297e-03,-9.995421873606723517e-01,2.925760829832031382e-02,8.937269097191326284e-02,2.982996541608503097e-02,9.955514528499834759e-01
-9.962025737243769274e-01,-5.497007597717062412e-03,8.689197323341138479e-02,7.789735014742154434e-03,-9.996297967187621758e-01,2.606893822936544314e-02,8.671650438829595076e-02,2.664680880475205071e-02,9.958765964953671945e-01
-9.967766617594528977e-01,-5.928178687605167342e-03,8.000714511296307119e-02,7.782532892155320098e-03,-9.997078011591545854e-01,2.288546445478124511e-02,7.984809799526496055e-02,2.343435510050060136e-02,9.965315410199324653e-01
-9.976127263514465993e-01,-6.307661159005513614e-03,6.876817310598394573e-02,7.685960443592463470e-03,-9.997744856847214923e-01,1.979655995143494301e-02,6.862779490622542000e-02,2.027784960380164467e-02,9.974362308347103356e-01
-9.985702458376676249e-01,-6.618080676696717034e-03,5.304399245771949933e-02,7.524670069314471493e-03,-9.998287039127516929e-01,1.690982473285338947e-02,5.292299564504863996e-02,1.728478638296088166e-02,9.984489935352974799e-01
-9.994529690460315363e-01,-6.884388921624275126e-03,3.234760971456611400e-02,7.338196607263479040e-03,-9.998760260300919578e-01,1.393138330621845541e-02,3.224769039207651955e-02,1.416113552817892599e-02,9.993795818931504593e-01
-9.999568586337783671e-01,-7.070560421560604172e-03,6.023956057983163859e-03,7.133946613487911897e-03,-9.999187229436418134e-01,1.056666042196766769e-02,5.948754237599475359e-03,1.060917914272037181e-02,9.999260260843985115e-01
-9.996905543505266722e-01,-6.987804195425132911e-03,-2.387396353479287123e-02,6.820779108871495924e-03,-9.999517420265222611e-01,7.070402426456057904e-03,-2.392221801343277082e-02,6.905375489461148750e-03,9.996899735791422437e-01
-9.998957743359572214e-01,-6.395737218752541552e-03,-1.294353160936731820e-02,6.365129194732873676e-03,-9.999768513645985735e-01,2.404550951560921294e-03,-1.295861086028860139e-02,2.321913084711595479e-03,9.999133378069309241e-01
-9.953785875859508803e-01,-4.789965064425845062e-03,9.590893393776578346e-02,4.348809473437397280e-03,-9.999789841516133482e-01,-4.808233695188283974e-03,9.592994960157180673e-02,-4.368923183819506742e-03,9.953784995059168361e-01
-9.525039836026312212e-01,-5.198913450340691272e-03,3.044817438042397573e-01,3.960947801580676220e-03,-9.999811883470125506e-01,-4.683358261475578481e-03,3.045003643735937349e-01,-3.254881107364124802e-03,9.525066580530235916e-01
-8.664359942870611953e-01,-5.504852801845537200e-03,4.992578131390347229e-01,3.829119335708426088e-03,-9.999830737402760628e-01,-4.380648132162934250e-03,4.992734773947671290e-01,-1.883833474869869894e-03,8.664424075046898155e-01
-7.410793060840151769e-01,-5.509606606460548672e-03,6.713948954981415751e-01,3.693861516497440409e-03,-9.999846539428192127e-01,-4.128833485645460634e-03,6.714073404819378421e-01,-5.797532885297644427e-04,7.410882851624205347e-01
-5.821179903029671809e-01,-5.270326190185132056e-03,8.130872451282837865e-01,3.534175051711206141e-03,-9.999859473778246466e-01,-3.951538127512145039e-03,8.130966450153224168e-01,5.733312220652107870e-04,5.821284362741203644e-01
-3.967600540820098720e-01,-4.845241518561729278e-03,9.179095718387623171e-01,3.340542199136755427e-03,-9.999870683557380291e-01,-3.834566351875279104e-03,9.179162811588142956e-01,1.544912905235459356e-03,3.967711090558868059e-01
-1.934105456681667889e-01,-4.291448727544327525e-03,9.811085276547382161e-01,3.108396334812997021e-03,-9.999880953393255334e-01,-3.761256684688090227e-03,9.811129891308510986e-01,2.322207442163440588e-03,1.934215827047408576e-01
1.870959631173549353e-02,-3.661221473714327840e-03,9.998182559839535744e-01,2.836249987864082091e-03,-9.999890774615792788e-01,-3.714921740740078152e-03,9.998209365818953032e-01,2.905239200962161841e-03,-1.869900781609556972e-02
2.299816863078433526e-01,-3.000248638263007615e-03,9.731903312290287600e-01,2.525549875683548440e-03,-9.999900406513243523e-01,-3.679700528800924214e-03,9.731916789036986204e-01,3.304104451239688826e-03,-2.299718185624703426e-01
4.308254681298859801e-01,-2.346463976892339178e-03,9.024322180834204454e-01,2.180480089029786846e-03,-9.999909938950168886e-01,-3.641103600649750124e-03,9.024326344025640489e-01,3.536415645032342861e-03,-4.308164716525148541e-01
6.121335463445322089e-01,-1.729512184517330341e-03,7.907525075114825164e-01,1.807667856106319514e-03,-9.999919346516044083e-01,-3.586498104781220622e-03,7.907523327091907639e-01,3.624833692491080152e-03,-6.121254828906390610e-01
7.656843733966274268e-01,-1.170767921367153654e-03,6.432154128579712360e-01,1.415788951848642729e-03,-9.999928533962288979e-01,-3.505523941396479840e-03,6.432149202072570127e-01,3.594782176576786104e-03,-7.656772437935142062e-01
8.845150655319855559e-01,-6.838127827070817700e-04,4.665111239159498435e-01,1.015088984167165660e-03,-9.999937372938411118e-01,-3.390422900075721994e-03,4.665105207083802830e-01,3.472430435682200261e-03,-8.845088319432190538e-01
9.632371422537790995e-01,-2.752674316130515522e-04,2.686524321346186461e-01,6.168412386685919683e-04,-9.999945730347722384e-01,-3.236264494749036425e-03,2.686518650054267598e-01,3.283006061978075221e-03,-9.632317450030030148e-01
9.982808722413856195e-01,5.412439324448929808e-05,5.861138336274757110e-02,2.327648488440005109e-04,-9.999953488858741579e-01,-3.041056910578053378e-03,5.861094615915335426e-02,3.049471614826312037e-03,-9.982762417213790762e-01
9.880571460394367289e-01,3.082589844303189482e-04,-1.540875660132991209e-01,-1.255710608879128699e-04,-9.999960560286583755e-01,-2.805736806173431044e-03,-1.540878231899352468e-01,2.791577240551735596e-03,-9.880532104619641487e-01
9.330295355955460224e-01,4.943739018161373826e-04,-3.597994412931193597e-01,-4.473309074082124949e-04,-9.999966892694402976e-01,-2.534037333128239238e-03,-3.597995028560405650e-01,2.525281087215419662e-03,-9.330262254374249720e-01
8.356932733148220160e-01,6.217677392337686657e-04,-5.491961059459607997e-01,-7.229580029396435363e-04,-9.999972472157611092e-01,-2.232239371793831844e-03,-5.491959820620078148e-01,2.262513148336031676e-03,-8.356905233195882632e-01
7.004621040411375121e-01,7.006065005827767211e-04,-7.136892504365597301e-01,-9.446575545487001513e-04,-9.999977320184835206e-01,-1.908816382049725868e-03,-7.136889691317013229e-01,2.011245482516124759e-03,-7.004598535728083775e-01
5.334681408826125182e-01,7.408714359736936041e-04,-8.458198329429282847e-01,-1.106795911865194725e-03,-9.999981487802785951e-01,-1.573988186576873432e-03,-8.458194332674653371e-01,1.775822486588946687e-03,-5.334663333223910175e-01
3.422838006442340264e-01,7.514897168523466215e-04,-9.395963127309071572e-01,-1.206198420352850740e-03,-9.999985047292503371e-01,-1.239203219754758580e-03,-9.395958390285055195e-01,1.557498778000542070e-03,-3.422823823915666086e-01
1.355784279351715249e-01,7.396761321235105751e-04,-9.907663389349450345e-01,-1.242332796787001901e-03,-9.999988082516884091e-01,-9.165720974926678481e-04,-9.907658361573415950e-01,1.355128923181692915e-03,-1.355773474358870911e-01
-7.727482143610256426e-02,7.105014454475125276e-04,-9.970095749587143397e-01,-1.217370100502784651e-03,-9.999990678709554937e-01,-6.182776422336810343e-04,-9.970090849042942960e-01,1.165952354663127256e-03,7.727561434921809136e-02
-2.866240116716385344e-01,6.666914247807155568e-04,-9.580429148249971494e-01,-1.136120894253200798e-03,-9.999992912508010035e-01,-3.559876304308162123e-04,-9.580424731467526156e-01,9.864179732470585316e-04,2.866245659691635805e-01
-4.829760995253852829e-01,6.086499946678487977e-04,-8.756333204109694179e-01,-1.005849821507387790e-03,-9.999994842913778603e-01,-1.402964662775518746e-04,-8.756329542307621505e-01,8.129957820888262686e-04,4.829764626609418521e-01
-6.574274016874794846e-01,5.346905481109765195e-04,-7.535176974623168933e-01,-8.359773169965108641e-04,-9.999996503752833776e-01,1.977927113025639070e-05,-7.535174234381175618e-01,6.429271411922217114e-04,6.574276188237880847e-01
-8.020673372518390964e-01,4.414512146286382523e-04,-5.972334436365299704e-01,-6.376822650670743936e-04,-9.999997898093319071e-01,1.172288521785468546e-04,-5.972332663528145957e-01,4.748706119676032321e-04,8.020674501703883852e-01
-9.103371373658090127e-01,3.244628141806343955e-04,-4.138673524341090482e-01,-4.234238945340705433e-04,-9.999998994956780241e-01,1.473798563629160989e-04,-4.138672630193677149e-01,3.094066864708582649e-04,9.103371832583093681e-01
-9.773272561967566441e-01,1.788323283791742196e-04,-2.117342590587652507e-01,-2.064048461502984667e-04,-9.999999728535196031e-01,1.081202206518703797e-04,-2.117342339755324543e-01,1.493718196808758850e-04,9.773272665776295831e-01
-9.999999969680904988e-01,1.999954496174731478e-13,-1.262639437449308843e-10,-3.947403866180320547e-12,-9.999999999999912292e-01,-4.008183704645035261e-12,-1.262606130758570089e-10,1.080302432796345635e-13,9.999999969680907208e-01
