1.000000000000000000e+00,0.000000000000000000e+00,0.000000000000000000e+00,0.000000000000000000e+00,1.000000000000000000e+00,0.000000000000000000e+00,0.000000000000000000e+00,0.000000000000000000e+00,1.000000000000000000e+00
1.000000000000000000e+00,7.251550041957348866e-19,1.084670750901133880e-18,-7.251550041957348866e-19,1.000000000000000000e+00,-4.016436638263758285e-18,-1.084670750901133880e-18,4.016436638263758285e-18,1.000000000000000000e+00
9.999999880495896720e-01,-1.545956902431711521e-04,-9.964516994326906094e-07,1.545957233911038472e-04,9.999999874938969580e-01,3.335218354586999231e-05,9.912955831345724728e-07,-3.335233719446900386e-05,9.999999994433195205e-01
9.999992671939733624e-01,1.210620152386641642e-03,-3.219119699453865462e-06,-1.210619833326925278e-03,9.999992624625321236e-01,9.733453050334229173e-05,3.336952469382911662e-06,-9.733056204585770871e-05,9.999999952578132456e-01
9.999679641422448695e-01,8.004414161257656160e-03,-6.568789004434119665e-06,-8.004412775077979908e-03,9.999679462687247611e-01,1.892385661395291842e-04,8.083322308899910035e-06,-1.891799244211186319e-04,9.999999820728079358e-01
9.999071558579931684e-01,1.362642829102515656e-02,-1.077070357538886436e-05,-1.362642435285122723e-02,9.999071090351642210e-01,3.063662782952124232e-04,1.494438119631975196e-05,-3.061910678034673048e-04,9.999999530118466318e-01
9.998383253847031860e-01,1.798118017233708496e-02,-1.585943882261889960e-05,-1.798117131343945907e-02,9.998382261841238794e-01,4.460259878963034031e-04,2.387694683059097476e-05,-4.456687055298933810e-04,9.999999004046431494e-01
9.997806261798448668e-01,2.094514342253819134e-02,-2.196465790573100133e-05,-2.094512629013093458e-02,9.997804434034340826e-01,6.055350720996217732e-04,3.464285435270006127e-05,-6.049421810238623728e-04,9.999998164223982133e-01
9.997494494684767696e-01,2.238386536141730512e-02,-2.930800299940098454e-05,-2.238383560358825353e-02,9.997491445553440270e-01,7.822176997677344080e-04,4.680970660219509552e-05,-7.813656891862827067e-04,9.999996936382086199e-01
9.997547396130911368e-01,2.214631261266795936e-02,-3.819452640831909600e-05,-2.214626496750572715e-02,9.997542675283079827e-01,9.733996742801732634e-04,5.974235425661755567e-05,-9.723150717972953942e-04,9.999995255170135433e-01
9.997986928998358058e-01,2.006417885449932395e-02,-4.901707997308561683e-05,-2.006410734290379680e-02,9.997980034379801983e-01,1.176400425562560206e-03,7.261068723444712256e-05,-1.175180123850042696e-03,9.999993068394420481e-01
9.998727047249992284e-01,1.595526465139291208e-02,-6.225606969735016745e-05,-1.595516286814867291e-02,9.998717441606342904e-01,1.388526925364114498e-03,8.440239956264484794e-05,-1.387356866715752299e-03,9.999990340581131898e-01
9.999535691082381827e-01,9.636050527460644777e-03,-7.847246513752387850e-05,-9.635912009346122784e-03,9.999522821329879241e-01,1.607064646498486968e-03,9.395447673342341053e-05,-1.606233875284609645e-03,9.999987055918093670e-01
9.999995528026656144e-01,9.406014656320018166e-04,-9.830234792465873716e-05,-9.404200754116615870e-04,9.999978846962552792e-01,1.829265726277733541e-03,1.000227500085012399e-04,-1.829172462733528364e-03,9.999983220603677614e-01
9.999473312129267821e-01,-1.026254405747521053e-02,-1.224320771720802321e-04,1.026277377960283302e-02,9.999452301947697741e-01,2.052336492416383367e-03,1.013631779168722868e-04,-2.053484891054045604e-03,9.999978864604205375e-01
9.997104163950718547e-01,-2.406367340746383768e-02,-1.515695571764486948e-04,2.406395598068927083e-02,9.997078360835303101e-01,2.273432590897504248e-03,9.681813463976448675e-05,-2.276421605244177519e-03,9.999974042620929371e-01
9.991787616956252505e-01,-4.051872935099648521e-02,-1.864086299430560195e-04,4.051906819081064343e-02,9.991756636218592780e-01,2.489646313556578578e-03,8.537766136948930459e-05,-2.495154824627558374e-03,9.999968834516715921e-01
9.982185730226269538e-01,-5.966262375239366617e-02,-2.275953649637539665e-04,5.966302110726678931e-02,9.982149291232609301e-01,2.697996997380547324e-03,6.621951136627279638e-05,-2.706769739808290946e-03,9.999963344995580483e-01
9.966716339836608762e-01,-8.152041462930167959e-02,-2.757009355507510518e-04,8.152087162846792523e-02,9.966674290003025849e-01,2.895420325760003286e-03,3.874627712628171190e-05,-2.908258687719607327e-03,9.999957702561204087e-01
9.943540860888453459e-01,-1.061124016554243765e-01,-3.311998406905562438e-04,1.061129184947632864e-01,9.943493198105918252e-01,3.078753114233135583e-03,2.634449256635536956e-06,-3.096515320897151938e-03,9.999952057814714967e-01
9.910547681666408426e-01,-1.334552018736729073e-01,-3.944452083450325193e-04,1.334557781471393256e-01,9.910494574148640545e-01,3.244724463908093409e-03,-4.211064864506272598e-05,-3.268340643559160610e-03,9.999946580737976154e-01
9.865334627488906438e-01,-1.635588886492445326e-01,-4.656398891778038744e-04,1.635595238277206265e-01,9.865276430165276222e-01,3.389945354384586891e-03,-9.508907237975717348e-05,-3.420454367539656551e-03,9.999941457078577178e-01
9.805191326908078153e-01,-1.964228439255356617e-01,-5.448040655628126356e-04,1.964235379679162286e-01,9.805128593405130211e-01,3.510897329676905369e-03,-1.554330461203780659e-04,-3.549514346718424945e-03,9.999936883743171245e-01
9.727079860660903243e-01,-2.320318399578363278e-01,-6.317349369248494509e-04,2.320325939956251748e-01,9.727013349647175566e-01,3.603925848205787735e-03,-2.217361291401438294e-04,-3.652150549872115130e-03,9.999933062923224147e-01
9.627622552875033657e-01,-2.703485024295577688e-01,-7.259668135300260949e-04,2.703493194960531198e-01,9.627553227658250945e-01,3.665233156893289105e-03,-2.919618811438853736e-04,-3.725012774299681431e-03,9.999930194946822226e-01
9.503092162834660961e-01,-3.113064566791656218e-01,-8.267264151011572901e-04,3.113073423827369401e-01,9.503021182929609623e-01,3.690873407426728536e-03,-3.633528589980005515e-04,-3.764837018375932331e-03,9.999928469628799332e-01
9.349412386808317876e-01,-3.548013668950367738e-01,-9.328790718384587493e-04,3.548023298956158311e-01,9.349341090123581832e-01,3.676752087179422247e-03,-4.323362024198766120e-04,-3.768534818909012683e-03,9.999928055894838907e-01
9.162177964565572097e-01,-4.006792507178761897e-01,-1.042832895291361060e-03,4.006803026826140646e-01,9.162107837887626394e-01,3.618661541003385333e-03,-4.944678504952321370e-04,-3.733324703352950205e-03,9.999929088689603063e-01
8.936696612175052401e-01,-4.487239726831821485e-01,-1.154538351232326735e-03,4.487251278764206597e-01,8.936629250286504123e-01,3.512270137936510366e-03,-5.442716894113429349e-04,-3.656879633569057493e-03,9.999931654764817601e-01
8.668069817223327256e-01,-4.986422114280883999e-01,-1.265472051033096710e-03,4.986434855666001531e-01,8.668006869112898638e-01,3.353128702846757715e-03,-5.750994684879699118e-04,-3.537534764655410769e-03,9.999935775335712096e-01
8.499177573292011623e-01,-5.269137013770694988e-01,-1.325548039232699298e-03,5.269150512100783113e-01,8.499117941639647844e-01,3.235884618001666404e-03,-5.784330290255852627e-04,-3.448687010481785338e-03,9.999938859678767500e-01
8.309430243859602383e-01,-5.563558014896926585e-01,-1.382885773266379027e-03,5.563572178551587921e-01,8.309374149187491732e-01,3.107833426046846190e-03,-5.799696270788614423e-04,-3.351810987753142505e-03,9.999942144824310875e-01
8.109488251972301054e-01,-5.851153299307130240e-01,-1.433035691021728592e-03,5.851167975156140733e-01,8.109435679702138300e-01,2.977051024309368410e-03,-5.798071160035125687e-04,-3.252729284972134208e-03,9.999945417730575770e-01
7.899596907993091666e-01,-6.131570025949218961e-01,-1.475493496284868049e-03,6.131585053245173222e-01,7.899547834354688769e-01,2.843848732900573946e-03,-5.781526195805167375e-04,-3.151237252520251979e-03,9.999948677084934401e-01
7.680013727478123275e-01,-6.404464153671625137e-01,-1.510132714168356798e-03,6.404479376612172148e-01,7.679968113558435228e-01,2.708669920970896254e-03,-5.749808320932117169e-04,-3.047423600010248142e-03,9.999951912916609231e-01
7.451008116648509816e-01,-6.669500870004781978e-01,-1.536849511620111582e-03,6.669516138679218997e-01,7.450965908604121335e-01,2.571973397285349985e-03,-5.702765493087342272e-04,-2.941383727944910185e-03,9.999955115131381467e-01
7.212861041756483127e-01,-6.926355001984537685e-01,-1.555566758461079295e-03,6.926370173450593359e-01,7.212822171377576419e-01,2.434223525273199185e-03,-5.640269885738323019e-04,-2.833214723098653569e-03,9.999958273752393989e-01
6.965864684348915814e-01,-7.174711415121878266e-01,-1.566234525989780493e-03,7.174726354439061593e-01,6.965829069710358645e-01,2.295888705299571619e-03,-5.562216910638469614e-04,-2.723015418229338819e-03,9.999961378947737067e-01
6.710322082772023355e-01,-7.414265400065663814e-01,-1.568830296459713123e-03,7.414279981271940656e-01,6.710289628970257381e-01,2.157439786785863602e-03,-5.468525495943401052e-04,-2.610886290457461231e-03,9.999964421062048636e-01
6.446546760357424466e-01,-7.644723046478671957e-01,-1.563359081133957685e-03,7.644737153503761151e-01,6.446517360328443136e-01,2.019348464738983211e-03,-5.359138290304118687e-04,-2.496929355520838192e-03,9.999967390647643839e-01
6.174862340745921330e-01,-7.865801603668020059e-01,-1.549853444678066412e-03,7.865815131176935315e-01,6.174835876158953907e-01,1.882085670832530505e-03,-5.234021834888320530e-04,-2.381248060713702600e-03,9.999970278494975107e-01
5.895602150821098730e-01,-8.077229827527279138e-01,-1.528373435545905086e-03,8.077242681688187043e-01,5.895578493042099577e-01,1.746119964497784127e-03,-5.093166703740928261e-04,-2.263947176543486522e-03,9.999973075662315081e-01
5.609108811740017853e-01,-8.278748313364381328e-01,-1.499006422443059042e-03,8.278760412535324242e-01,5.609087822858590533e-01,1.611915929513150917e-03,-4.936587612229843955e-04,-2.145132687227438266e-03,9.999975773504568011e-01
5.315733818562906610e-01,-8.470109814206672194e-01,-1.461866837272300787e-03,8.470121089536269965e-01,5.315715352475831601e-01,1.479932581573594830e-03,-4.764323493386907280e-04,-2.024911680153792994e-03,9.999978363701120809e-01
5.015837108997673877e-01,-8.651079544192309401e-01,-1.417095825285403544e-03,8.651089940130093359e-01,5.015821012541841206e-01,1.350621792293078350e-03,-4.576437541994992763e-04,-1.903392234433173673e-03,9.999980838282628293e-01
4.709786621788457639e-01,-8.821435466675462411e-01,-1.364860803483468853e-03,8.821444941388095762e-01,4.709772735915646602e-01,1.224426735045911104e-03,-4.373017226313107670e-04,-1.780683308666774350e-03,9.999983189656664884e-01
4.397957845290083601e-01,-8.980968566691511779e-01,-1.305354928622799856e-03,8.980977092381785543e-01,4.397946006275749720e-01,1.101780357987240666e-03,-4.154174267372348606e-04,-1.656894628058577703e-03,9.999985410632128424e-01
4.080733356782351717e-01,-9.129483107447614598e-01,-1.238796476494095390e-03,9.129490670573749966e-01,4.080723397460313540e-01,9.831038895089230442e-04,-3.920044585816732279e-04,-1.532136570999425391e-03,9.999987494442348357e-01
3.758502353089401282e-01,-9.266796870523615892e-01,-1.165428134448297584e-03,9.266803471917064439e-01,3.758494104104157518e-01,8.688053812849401989e-04,-3.670788216304144867e-04,-1.406520055251172857e-03,9.999989434766790586e-01
3.431660173080073317e-01,-9.392741379488229736e-01,-1.085516209441761155e-03,9.392747034368859049e-01,3.431653464148319288e-01,7.592782939406960601e-04,-3.406589189523842706e-04,-1.280156423859412588e-03,9.999991225751315715e-01
3.100607812635110538e-01,-9.507162106655776546e-01,-9.993497541654753659e-04,9.507166844544003848e-01,3.100602473807965165e-01,6.549001302433147577e-04,-3.127655381928127489e-04,-1.153157330923360252e-03,9.999992862026901852e-01
2.765751432676289978e-01,-9.609918662729451944e-01,-9.072396141068623729e-04,9.609922527255583269e-01,2.765747295593699584e-01,5.560311205559118411e-04,-2.834218333316903377e-04,-1.025634627351453216e-03,9.999994338726784227e-01
2.427501860861050742e-01,-9.700884969098063637e-01,-8.095173986672101873e-04,9.700888017709812239e-01,2.427498759989896449e-01,4.630129651282171503e-04,-2.526533032454744481e-04,-8.977002467310104877e-04,9.999995651501940586e-01
2.086274087553958434e-01,-9.779949412574504564e-01,-7.065343797221283967e-04,9.779951716144318352e-01,2.086271861401462480e-01,3.761676376094503236e-04,-2.204877670940861190e-04,-7.694660914399576107e-04,9.999996796534891264e-01
1.742486756693338024e-01,-9.847014982385716708e-01,-5.986603212656179404e-04,9.847016624720270617e-01,1.742485248987519220e-01,2.957962539675973576e-04,-1.869553365592818424e-04,-6.410439191281147586e-04,9.999997770551741771e-01
1.396561652177662760e-01,-9.901999389245749184e-01,-4.862822440195353627e-04,9.902000466500594511e-01,1.396560713006799181e-01,2.221780107828665832e-04,-1.520883849645091751e-04,-5.125452296949043656e-04,9.999998570832462352e-01
1.048923180401760552e-01,-9.944835166365448842e-01,-3.698031291185738885e-04,9.944835786368471098e-01,1.048922667305072498e-01,1.555691966528420012e-04,-1.159215133103363245e-04,-3.840811528895253513e-04,9.999999195219333448e-01
6.999978495776176812e-02,-9.975469752274528368e-01,-2.496405651955715802e-04,9.975470033762510180e-01,6.999976285796910558e-02,9.620228020345013525e-05,-7.849151326349309947e-05,-2.557623366587005189e-04,9.999999642123553745e-01
3.502137464784792209e-02,-9.993865555354057850e-01,-1.262253433922335853e-04,9.993865627127228590e-01,3.502136930603180071e-02,4.428507794413317664e-05,-3.983732714146057314e-05,-1.276988363660038069e-04,9.999999910529986380e-01
1.124810169410455658e-09,-9.999999999999925615e-01,-5.005521225374259808e-12,9.999999999999944489e-01,1.124810603514559058e-09,4.938422385597756453e-12,-4.938398329862054431e-12,-5.005536078944022860e-12,1.000000000000001332e+00
