-1.000000000000000000e+00,1.224606353822377258e-16,0.000000000000000000e+00,-1.224606353822377258e-16,-1.000000000000000000e+00,-0.000000000000000000e+00,-0.000000000000000000e+00,0.000000000000000000e+00,1.000000000000000000e+00
-1.000000000000000000e+00,-1.948558573297891946e-09,4.475389754557326990e-10,1.948558572996148867e-09,-1.000000000000000000e+00,-6.742281013632244325e-10,4.475389767695056156e-10,-6.742281004911685479e-10,1.000000000000000000e+00
-9.998903730336697881e-01,2.360610430706741722e-04,1.480493801988811038e-02,-2.597429749033446111e-04,-9.999986899522715911e-01,-1.597694378575872237e-03,1.480454147131117330e-02,-1.601364706832571292e-03,9.998891244447556392e-01
-9.990228205119632277e-01,4.081564434857554570e-04,4.419544665052541760e-02,-8.044618016746122409e-04,-9.999596270923757357e-01,-8.949694211881660880e-03,4.419000947648057953e-02,-8.976502302911904679e-03,9.989828154021842543e-01
-9.964446011670619052e-01,2.946445979068543913e-05,8.425055451959860553e-02,-1.690589880304336524e-03,-9.998055847784138583e-01,-1.964521701967649955e-02,8.423359609366595779e-02,-1.971780357289279820e-02,9.962509269814456836e-01
-9.915847820817609293e-01,-1.028166248090356914e-03,1.294548678807838360e-01,-3.096761710286826275e-03,-9.994939464836136711e-01,-3.165850611637699430e-02,1.294219069971332403e-01,-3.179298376650524505e-02,9.910798031301246702e-01
-9.846194155954399729e-01,-3.036204973137808429e-03,1.746865418166271555e-01,-5.025667011422802095e-03,-9.989430411694262268e-01,-4.568963963819176743e-02,1.746406284447620805e-01,-4.586482266987000622e-02,9.835634544541989044e-01
-9.756417157690423503e-01,-5.873489934174245738e-03,2.192914603153252040e-01,-7.561599438213186669e-03,-9.981470424247601558e-01,-6.037635226344319206e-02,2.192397424400300832e-01,-6.056388209730715483e-02,9.737894800829020037e-01
-9.634575983323827586e-01,-8.383800896979497902e-03,2.677296548724291680e-01,-1.078326586005648631e-02,-9.974858582007082308e-01,-7.004058728328220462e-02,2.676437508946951649e-01,-7.036813605685134088e-02,9.609449245585806043e-01
-9.458412378944848209e-01,-1.052521489331369360e-02,3.244588919257155868e-01,-1.484193802491306016e-02,-9.970270721212313170e-01,-7.560908895780349415e-02,3.242901009495638975e-01,-7.632979306151689569e-02,9.428731055223141810e-01
-9.204955505320785436e-01,-1.071229210108665120e-02,3.906061805047894575e-01,-1.954214909148968907e-02,-9.971112285405362430e-01,-7.339824471516892546e-02,3.902640719557531335e-01,-7.519604189266225480e-02,9.176271080477875763e-01
-9.328253577860781132e-01,-2.102735607801545226e-02,3.597147511120399321e-01,-1.588768612366526709e-02,-9.949247577041560042e-01,-9.935948840931765891e-02,3.599783789352695162e-01,-9.840008538458669407e-02,9.277569670422288750e-01
-9.383870414609063459e-01,-2.979595255515005495e-02,3.442992326879799059e-01,-1.352039964841307909e-02,-9.923481823096108601e-01,-1.227284965285460883e-01,3.453215301882402444e-01,-1.198218939849537423e-01,9.308038217101736178e-01
-9.384093700173246066e-01,-3.631469330794785677e-02,3.436118410555589753e-01,-1.297261428353056745e-02,-9.900576259661317824e-01,-1.400628735424074012e-01,3.452818639058411465e-01,-1.358938568010171211e-01,9.286082565546178724e-01
-9.338717991982630195e-01,-4.002025387694330139e-02,3.553615650879776711e-01,-1.447721256227637796e-02,-9.886726477005354230e-01,-1.493881053003830450e-01,3.573148093468541120e-01,-1.446539835899330051e-01,9.227141226040376232e-01
-9.232341352967180503e-01,-4.011598399112131091e-02,3.821379845701000089e-01,-1.853379511123947818e-02,-9.887279690876760174e-01,-1.485715369191983604e-01,3.837906067918396835e-01,-1.442487815275476093e-01,9.120839101563646967e-01
-9.017606133532808377e-01,-3.506101261840421923e-02,4.308114687410675159e-01,-2.563620536312911924e-02,-9.906116991278410833e-01,-1.342804770829677807e-01,4.314748905547612923e-01,-1.321332166611491887e-01,8.923957820807342234e-01
-8.705390821373540922e-01,-2.420621114177383404e-02,4.915035766029877684e-01,-3.327274907835426482e-02,-9.936084553558671706e-01,-1.078664063278727825e-01,4.909731465570592035e-01,-1.102555975335586663e-01,8.641695855399540438e-01
-8.248186869460163440e-01,-6.192663542563571488e-03,5.653634093064049404e-01,-4.077488995567481178e-02,-9.966848250204656257e-01,-7.040431750235560948e-02,5.639251209277965637e-01,-8.112342751714242406e-02,8.218317634979211972e-01
-7.621232548503090731e-01,1.598593098880749658e-02,6.472345744979225435e-01,-4.608179650969676522e-02,-9.984990308197441156e-01,-2.959988990304224937e-02,6.457899135520611678e-01,-5.238449639251115120e-02,7.617159917520679446e-01
-6.792610351919290412e-01,4.085107893356841602e-02,7.327589203932483031e-01,-4.778544522207726214e-02,-9.987927298350364191e-01,1.138569510783065536e-02,7.323394003404291031e-01,-2.728135220712306006e-02,6.803930706045642207e-01
-5.730290671769037170e-01,7.230260126729902426e-02,8.163394036847090307e-01,-4.383919649823420084e-02,-9.973788068723711264e-01,5.756422891718041002e-02,8.183616639414867944e-01,-2.801687131117096968e-03,5.746967352683879371e-01
-4.421782403753856672e-01,1.137881056141890612e-01,8.896800945996418131e-01,-3.104874908174245357e-02,-9.932674616245258381e-01,1.116052187597633139e-01,8.963896356426901413e-01,2.172594521959278491e-02,4.427342367429831227e-01
-2.905200999067759637e-01,1.576053740396179681e-01,9.438000940645940862e-01,-8.192944955509640775e-03,-9.867156848226813493e-01,1.622499089980920517e-01,9.568338137510614683e-01,3.940435753610291997e-02,2.879519914884512977e-01
-1.205027188904968516e-01,1.750026102616711321e-01,9.771658922762518351e-01,1.981941066109318278e-02,-9.837184589096645837e-01,1.786202243640415410e-01,9.925151311633728657e-01,4.089107476870800645e-02,1.150723003212969497e-01
4.183069547518171449e-02,1.291889052736682753e-01,9.907373110573340913e-01,4.725810996106630246e-02,-9.907512309246895299e-01,1.271953986992316321e-01,9.980064447747869494e-01,4.149970079153203484e-02,-4.754903652575238893e-02
1.619880154947466178e-01,8.734388213937484269e-02,9.829195943392787793e-01,6.037183174586601558e-02,-9.950863401641222294e-01,7.847558560456380228e-02,9.849442241145770494e-01,4.662855198559901632e-02,-1.664651716490528899e-01
2.282318808313650860e-01,5.289577454871311618e-02,9.721688358789376538e-01,6.473617749288390621e-02,-9.971378122903873376e-01,3.905650534663894502e-02,9.714522302944900156e-01,5.402055463201166363e-02,-2.310029086010743082e-01
2.097454020271564967e-01,3.587332700730105906e-02,9.770977282672564934e-01,6.445818185452691085e-02,-9.976601062702566969e-01,2.279155840154533513e-02,9.756290324549595772e-01,5.820151847207952200e-02,-2.115669495161969782e-01
9.301826475483486456e-02,4.565784681303956816e-02,9.946169932650466006e-01,6.095631339996653020e-02,-9.973353345665206815e-01,4.008189450700143375e-02,9.937967247512482505e-01,5.689983687304598498e-02,-9.555353622266499203e-02
1.704718560795978610e-02,4.263301184845420116e-02,9.989453536649171017e-01,5.790047434327377091e-02,-9.974560265422826033e-01,4.158136807278141334e-02,9.981768021657472234e-01,5.713056451462543428e-02,-1.947228963142952352e-02
-7.483683043586367156e-02,3.979639235661372454e-02,9.964013728466085684e-01,5.410686292219150234e-02,-9.975693638498837057e-01,4.390685229387165933e-02,9.957268179795080165e-01,5.719800214998470994e-02,7.250167138270977030e-02
-1.655703876324422230e-01,3.675445092609418152e-02,9.855128395515782014e-01,5.008432142078943217e-02,-9.977023918106662226e-01,4.562343814962695199e-02,9.849253816081359192e-01,5.691263215378594004e-02,1.633491500191666113e-01
-2.544069355119668030e-01,3.358484330479750285e-02,9.665139260807473764e-01,4.588655784720665348e-02,-9.978520252472204977e-01,4.675210695201403865e-02,9.660080407643707456e-01,5.624405743144276354e-02,2.523193829823351941e-01
-3.405360826569062693e-01,3.061033030439491362e-02,9.397330386506285160e-01,4.159358804968836532e-02,-9.980010220494963669e-01,4.758080922819794140e-02,9.393109973225091114e-01,5.528985126435424780e-02,3.385821650682373507e-01
-4.231389849559175076e-01,2.790126469503417458e-02,9.056350913490979204e-01,3.724963278018141033e-02,-9.981450374822146143e-01,4.815546690528870605e-02,9.052987706372748189e-01,5.411102996580548913e-02,4.213147661364490815e-01
-5.013356487403928252e-01,2.551992319437994261e-02,8.648764655521706812e-01,3.288131003790911028e-02,-9.982810153668512099e-01,4.851632502380409662e-02,8.646278890952183716e-01,5.276123448244295772e-02,4.996347319596434189e-01
-5.744080248106534503e-01,2.339067022374766852e-02,8.182348669075774072e-01,2.856905903266749452e-02,-9.984098051835555987e-01,4.859701394960509041e-02,8.180704307991419899e-01,5.129071500357726410e-02,5.728263547115458598e-01
-6.416407113622352165e-01,2.146497742474500620e-02,7.667049315807488163e-01,2.437146170533285860e-02,-9.985330138703814029e-01,4.835133969988092417e-02,7.666180465038485714e-01,4.970990787347304846e-02,6.401763004667473389e-01
-7.024091474570143268e-01,1.971629162273618244e-02,7.115002861958491520e-01,2.034671972355115224e-02,-9.986515758835377010e-01,4.776024463204558285e-02,7.114825369700141788e-01,4.802392961459399368e-02,7.010608401675558765e-01
-7.562151540390081861e-01,1.812496517474256053e-02,6.540719580310087045e-01,1.655346782935879224e-02,-9.987663932669659239e-01,4.681532194499538752e-02,6.541136165470359254e-01,4.622961500517011602e-02,7.549822509102528389e-01
-8.027430779036088815e-01,1.666936682043027376e-02,5.960920087796378608e-01,1.305524220854118594e-02,-9.988783782310276527e-01,4.551424105621322547e-02,5.961821125930667487e-01,4.431836750089162419e-02,8.016250811765796014e-01
-8.419608472408534050e-01,1.546025337164569184e-02,5.393170793906125748e-01,9.911434077668087456e-03,-9.989774958916965986e-01,4.411038610093739182e-02,5.394475832133808213e-01,4.248462372678121768e-02,8.409467055392062518e-01
-8.741444924607830735e-01,1.441382823647344505e-02,4.854520034970594144e-01,7.155402244095816419e-03,-9.990687785079445105e-01,4.254851366220817332e-02,4.856132271319904548e-01,4.066715322919706860e-02,8.732273335895314181e-01
-8.998068376558154835e-01,1.329165484779494012e-02,4.360859854002455127e-01,4.820600038416432767e-03,-9.991719225281180394e-01,4.040087910217558115e-02,4.362618669664557469e-01,3.845518337516269647e-02,8.989976541391619946e-01
-9.196153436340211984e-01,1.209219444002809091e-02,3.926339241962660265e-01,2.943919453736915364e-03,-9.992858672317963542e-01,3.767079604336614346e-02,3.928090540411879883e-01,3.579852468975215640e-02,9.189230177433223012e-01
-9.341241655261276478e-01,1.088782529206533400e-02,3.567821442894504869e-01,1.548634753576143665e-03,-9.994016636191440650e-01,3.455309640512227443e-02,3.569448766348066182e-01,3.282940756758512962e-02,9.335483837959946962e-01
-9.438800693035048761e-01,9.650862435239571449e-03,3.301473541755563512e-01,6.303897460328202352e-04,-9.995185598037881203e-01,3.102017411337146605e-02,3.302877794068341255e-01,2.948744559236733329e-02,9.434195637001223655e-01
-9.494201184263193483e-01,8.394968470070653457e-03,3.138964209337114508e-01,1.524819541395403726e-04,-9.996301169266518238e-01,2.719569943863089576e-02,3.140086230051752914e-01,2.586800771502502372e-02,9.490676639209865151e-01
-9.511240929886205508e-01,7.100441564020809962e-03,3.087272960225954099e-01,5.620171347143335431e-05,-9.997316295548231979e-01,2.316604615637763570e-02,3.088089319027303437e-01,2.205113563527250076e-02,9.508684403425529119e-01
-9.489357468850712074e-01,5.768226241358786685e-03,3.154166699668138341e-01,2.668720323426918136e-04,-9.998177872695658275e-01,1.908719529427132036e-02,3.154692962999796069e-01,1.819669780385400892e-02,9.487612993404718198e-01
-9.423970427137339234e-01,4.489985237696300299e-03,3.344662221513966527e-01,6.489577835090605019e-04,-9.998834818635639055e-01,1.525127980482779075e-02,3.344957287968668980e-01,1.458981543742327892e-02,9.422843225626459374e-01
-9.306105883427214787e-01,3.163120042141224705e-03,3.659971685399576180e-01,1.174076652706822427e-03,-9.999317128641767027e-01,1.162717240007693845e-02,3.660089537890791611e-01,1.125007847208094741e-02,9.305433258724632450e-01
-9.121997647394162190e-01,1.886911279711003505e-03,4.097414167721252221e-01,1.704595839431860115e-03,-9.999632676024335920e-01,8.399868116923362923e-03,4.097422157991465475e-01,8.360801227895217624e-03,9.121630410403731570e-01
-8.853528160621992882e-01,5.857057294614404202e-04,4.649193993401156688e-01,2.228546203645175895e-03,-9.999823716486614389e-01,5.503631458431581039e-03,4.649144270922091482e-01,5.908749966197616305e-03,8.853359034855289300e-01
-8.479240704434786169e-01,-6.865881578909217116e-04,5.301172504290492249e-01,2.676128275382461032e-03,-9.999919630542140059e-01,2.985322415897373287e-03,5.301109402250021585e-01,3.949988491109579850e-03,8.479190931272931886e-01
-7.976328268329081483e-01,-1.856550278692639493e-03,6.031404700586823209e-01,2.999133891671340243e-03,-9.999951081923554863e-01,8.881287927789724250e-04,6.031358707628077243e-01,2.517299698256448507e-03,7.976344930144109169e-01
-7.323470544181236441e-01,-2.718473748945492326e-03,6.809261352217393926e-01,3.149479332701345807e-03,-9.999948573680297326e-01,-6.049817520221909255e-04,6.809242781037551095e-01,1.701506179397252027e-03,7.323518500078892712e-01
-6.504861654700072604e-01,-3.248592005598675402e-03,7.595111552987124925e-01,3.122877396238808723e-03,-9.999938396479716163e-01,-1.602588022070584352e-03,7.595116826052135117e-01,1.329398875265807830e-03,6.504923032041511899e-01
-5.514975224992733072e-01,-3.392188521307639825e-03,8.341696323725226181e-01,2.976264135871311330e-03,-9.999933683944635110e-01,-2.098810230145830777e-03,8.341712200568478508e-01,1.325220511446046105e-03,5.515039612366461341e-01
-3.962654845244976132e-01,-2.887445272738473501e-03,9.181314329800968066e-01,2.246837918954516875e-03,-9.999951101702511114e-01,-2.175164464247183495e-03,9.181332241506419134e-01,1.200949911286439738e-03,3.962700344761347360e-01
-2.288602695311923174e-01,-2.705070169435959578e-03,9.734555251119564323e-01,2.134720013316330350e-03,-9.999951292274703585e-01,-2.276944727648016423e-03,9.734569429353961967e-01,1.556952800899353033e-03,2.288649293716503996e-01
-5.434097182367730872e-02,-2.423959495179756410e-03,9.985194955036746922e-01,1.990042266754242853e-03,-9.999953304082738192e-01,-2.319241021724762278e-03,9.985204545799593046e-01,1.861066182670581548e-03,5.434554185321713304e-02
1.218676024555277876e-01,-2.123680797329233205e-03,9.925440932798321736e-01,1.823057228960134162e-03,-9.999955452311756199e-01,-2.363464752574160124e-03,9.925446909779149784e-01,2.097494460668081033e-03,-1.218631879754915742e-01
2.942879623107053089e-01,-1.816713292204653017e-03,9.557150696722748195e-01,1.632086932356232624e-03,-9.999957798545545673e-01,-2.403445613948543193e-03,9.557154027943757235e-01,2.267115182011109845e-03,-2.942837553435893039e-01
4.575603672680932377e-01,-1.514268213549338406e-03,8.891772696475670479e-01,1.419883810498079064e-03,-9.999960306277191346e-01,-2.433648344176344170e-03,8.891774253744244572e-01,2.376069433516159787e-03,-4.575564009618153238e-01
6.066094409344443550e-01,-1.224988986869403893e-03,7.949990472230785699e-01,1.190041571892211294e-03,-9.999962933253745412e-01,-2.448902215533666198e-03,7.949991003034985182e-01,2.431609113231410733e-03,-6.066057346498660019e-01
7.368019421679302683e-01,-9.553300120005614633e-04,6.761079683233561788e-01,9.469143487034815433e-04,-9.999965629000818756e-01,-2.444898102476700339e-03,6.761079801609023443e-01,2.441622000380496912e-03,-7.367985050981646911e-01
8.440907913642603511e-01,-7.096741327077850641e-04,5.361998057801465878e-01,6.954445240552783710e-04,-9.999968340866690619e-01,-2.418296724043689054e-03,5.361998244228888266e-01,2.414159207922976502e-03,-8.440876255153269003e-01
9.251408755603547363e-01,-4.905184883825024168e-04,3.796236546038725956e-01,4.409920296591354674e-04,-9.999971018581054194e-01,-2.366809437281938190e-03,3.796237153651684793e-01,2.357043154735929003e-03,-9.251379780646862283e-01
9.774327217147066316e-01,-2.987136611864691120e-04,2.112467387229433891e-01,1.891516344011466111e-04,-9.999973617748745269e-01,-2.289246697649270808e-03,2.112468652349565323e-01,2.277542290000976813e-03,-9.774300865335625588e-01
9.993408154772381868e-01,-1.337420409460989229e-04,3.630311168050942561e-02,-5.443593126075755781e-05,-9.999976102277666756e-01,-2.185534483314757401e-03,3.630331721989127347e-02,2.182117612926057909e-03,-9.993384345690023984e-01
9.901841309097108024e-01,5.979811638937590916e-06,-1.397690455570812784e-01,-2.842733414460225320e-04,-9.999978445813544337e-01,-2.056698034544302781e-03,-1.397687565986588665e-01,2.076242363359537182e-03,-9.901819949562630230e-01
9.502473004466558404e-01,1.227892258949593335e-04,-3.114964720627610983e-01,-4.951907366984872145e-04,-9.999980632271023850e-01,-1.904813290269506774e-03,-3.114961026604130545e-01,1.964293848344239243e-03,-9.502453992363683044e-01
8.807717670411167044e-01,2.194691966370261561e-04,-4.735409648184839559e-01,-6.825188463101238825e-04,-9.999982655565513578e-01,-1.732927409233396727e-03,-4.735405238188269417e-01,1.849514163365659778e-03,-8.807700896064576401e-01
7.839171935492686982e-01,2.989558036648224076e-04,-6.208653182307162233e-01,-8.422458698210355489e-04,-9.999984518661065858e-01,-1.544950736154242178e-03,-6.208648189272047979e-01,1.734034689306435031e-03,-7.839157281510462649e-01
6.626943289674058768e-01,3.640716821070465637e-04,-7.488899070347356801e-01,-9.711533161616589093e-04,-9.999986232057109792e-01,-1.345523471001790899e-03,-7.488893658422632882e-01,1.618957684495152477e-03,-6.626930630077327855e-01
5.208714184038194528e-01,4.172943194288997464e-04,-8.536350451811780538e-01,-1.066926648412682647e-03,-9.999987811841070107e-01,-1.139861096493461051e-03,-8.536344804231543737e-01,1.504487038006792473e-03,-5.208703383371037221e-01
3.628570660658281266e-01,4.605662587805073663e-04,-9.318446954533950999e-01,-1.128237361256776263e-03,-9.999989277435215040e-01,-9.335832880854712593e-04,-9.318441262624553856e-01,1.390099287366930491e-03,-3.628561573625013748e-01
1.935631925042746171e-01,4.951525634255108960e-04,-9.810876842795881458e-01,-1.154794002261153290e-03,-9.999990649164766099e-01,-7.325315532976763629e-04,-9.810871296041118184e-01,1.274745313840961770e-03,-1.935624397063648028e-01
1.825234613095530478e-02,5.215491701167811796e-04,-9.998332754587406779e-01,-1.147360610998731257e-03,-9.999991945770532187e-01,-5.425812057755275732e-04,-9.998327531611309604e-01,1.157072692123632587e-03,-1.825173302268376374e-02
-1.576258846259888102e-01,5.394440530238494517e-04,-9.874987535775151537e-01,-1.107742058580535273e-03,-9.999993181983484192e-01,-3.694534632161368360e-04,-9.874982796064256663e-01,1.035658467535506468e-03,1.576263747251200886e-01
-3.286042733560321505e-01,5.477314491287683332e-04,-9.444675379796565462e-01,-1.038736798105661160e-03,-9.999994366270820167e-01,-2.185334621170984969e-04,-9.444671255967943546e-01,9.092421512038924986e-04,3.286046571832448304e-01
-4.893679059830403633e-01,5.445777748359064557e-04,-8.720772642131797703e-01,-9.440585462309453559e-04,-9.999995498853483378e-01,-9.469980510584582447e-05,-8.720769232557431527e-01,7.769489433823478959e-04,4.893681998309626913e-01
-6.349193964164360215e-01,5.275363019529122170e-04,-7.725782034474852900e-01,-8.282293805202340167e-04,-9.999996570083768965e-01,-2.170904875642393856e-06,-7.725779396095766582e-01,6.384936117173327808e-04,6.349196155726902768e-01
-7.607342317681252686e-01,4.937061703156167590e-04,-6.490633124023152956e-01,-6.964476240930487193e-04,-9.999997559258805291e-01,5.562712698736192480e-05,-6.490631265226726176e-01,4.943560560425766612e-04,7.607343899410156096e-01
-8.629014181928762461e-01,4.399299056511389171e-04,-5.053720882008337911e-01,-5.544346716037748968e-04,-9.999998433931275299e-01,7.616696169817667580e-05,-5.053719755498897737e-01,3.459203815803413751e-04,8.629015269773835373e-01
-9.382450553448573594e-01,3.630222994136825493e-04,-3.459712168368757057e-01,-4.082655642429935776e-04,-9.999999149762895945e-01,5.789761168872585334e-05,-3.459711664034104683e-01,1.955702765207223892e-04,9.382451237898985497e-01
-9.844230602827359622e-01,2.600223096063225114e-04,-1.758157253194556624e-01,-2.641886255676190805e-04,-9.999999650948877550e-01,2.906652172467237127e-07,-1.758157191059041558e-01,4.673464698329453837e-05,9.844230946248266889e-01
-9.999999719714509627e-01,1.284585829640445733e-04,-1.949536018987230168e-04,-1.284398121109569548e-04,-9.999999871223038683e-01,-9.614623128937724197e-05,-1.949659476069287578e-04,-9.612119414286761821e-05,9.999999756011754837e-01
