1.000000000000000000e+00,0.000000000000000000e+00,0.000000000000000000e+00,0.000000000000000000e+00,1.000000000000000000e+00,0.000000000000000000e+00,0.000000000000000000e+00,0.000000000000000000e+00,1.000000000000000000e+00
9.999999444214505706e-01,-1.509197361781484147e-09,-3.334023033532691575e-04,-1.503332447227097620e-09,9.999999999591778765e-01,-9.035719594900027012e-06,3.334023033532956121e-04,9.035719593922337538e-06,9.999999443806284471e-01
9.999988732621857279e-01,-3.315452976716431162e-08,-1.501157672581119630e-03,-3.273516892814108567e-08,9.999999990367208769e-01,-4.389256570638824052e-05,1.501157672590322772e-03,4.389256539162469868e-05,9.999988722989064938e-01
9.999930965383114767e-01,-2.224508973807632348e-07,-3.715760442984821377e-03,-2.173881346323727463e-07,9.999999929941534305e-01,-1.183707982451916467e-04,3.715760443284463633e-03,1.183707888391523718e-04,9.999930895324650182e-01
9.999756070272568520e-01,-8.610284910074381207e-07,-6.984651009725412890e-03,-8.326153343399565827e-07,9.999999706018875001e-01,-2.424778972798252588e-04,6.984651013170235442e-03,2.424777980506218186e-04,9.999755776291447962e-01
9.999374354130536879e-01,-2.411111659250519872e-06,-1.118594000302396141e-02,-2.305800573150368123e-06,9.999999110948282199e-01,-4.216693237497286901e-04,1.118594002522787026e-02,4.216687347295306767e-04,9.999373465078851275e-01
9.998698404673899143e-01,-5.442747536340758878e-06,-1.613388031727816530e-02,-5.144483367794530408e-06,9.999997847075395851e-01,-6.561694967741084610e-04,1.613388041514029342e-02,6.561670905380458454e-04,9.998696251749521480e-01
9.997659957108668838e-01,-1.052145257350748517e-05,-2.163223773809674899e-02,-9.824084770760279105e-06,9.999995577635045763e-01,-9.404128255070723754e-04,2.163223806604069877e-02,9.404052818096684347e-04,9.997655534744933625e-01
9.996214091600202911e-01,-1.807822296711949090e-05,-2.751432394431362061e-02,-1.666869715738561675e-05,9.999992027350455004e-01,-1.262636696639357018e-03,2.751432483433513543e-02,1.262617301885105405e-03,9.996206118955628384e-01
9.994330399282156385e-01,-2.828856087382674347e-05,-3.366894562653462153e-02,-2.575290862580933808e-05,9.999987122187263822e-01,-1.604648770368836182e-03,3.366894766150137913e-02,1.604606071867046993e-03,9.994317521485501787e-01
9.991975983943620632e-01,-4.096931568328830746e-05,-4.005193733708636156e-02,-3.683348355645051466e-05,9.999981140109861499e-01,-1.941807859908389975e-03,4.005194135411179607e-02,1.941725002539068830e-03,9.991957124096264575e-01
9.989097380434823759e-01,-5.548077848198905426e-05,-4.668331783179598127e-02,-4.929799516474642521e-05,9.999974825746600349e-01,-2.243304270418180688e-03,4.668332477029604743e-02,2.243159875091996474e-03,9.989072206277045396e-01
9.985608500120427555e-01,-7.060493370089943759e-05,-5.363043760934665255e-02,-6.210137384799366647e-05,9.999969407260548282e-01,-2.472788294655295892e-03,5.363044813019984119e-02,2.472560105266431371e-03,9.985577907561883348e-01
9.981391208733031428e-01,-8.436504643620752286e-05,-6.097776861126283365e-02,-7.365724222024475987e-05,9.999966452481613421e-01,-2.589221317929924198e-03,6.097778248575822652e-02,2.588894544297639082e-03,9.981357661501555345e-01
9.976315551884987753e-01,-9.376886132228820579e-05,-6.878423729008215082e-02,-8.167051213346753337e-05,9.999967511225731354e-01,-2.547758667039431730e-03,6.878425271895546866e-02,2.547342085129715526e-03,9.976283063477079383e-01
9.974502307480124230e-01,-9.600412960098284303e-05,-7.136545357485293839e-02,-8.366421011741801621e-05,9.999968349187975392e-01,-2.514587975523217746e-03,7.136546910822726131e-02,2.514147090724821749e-03,9.974470657049269162e-01
9.972584955692350706e-01,-9.731049093254364271e-05,-7.399651036133299276e-02,-8.497939745744778682e-05,9.999969697466118967e-01,-2.460340646212786503e-03,7.399652555011296262e-02,2.459883790294462632e-03,9.972554653539129621e-01
9.970562237227984514e-01,-9.751869793091082911e-05,-7.667383664417103117e-02,-8.549610298569468867e-05,9.999971554707735022e-01,-2.383640236632800832e-03,7.667385099269406756e-02,2.383178647284856042e-03,9.970533792297606723e-01
9.968435747474521103e-01,-9.644071755027624126e-05,-7.939066811602921159e-02,-8.508425038301756964e-05,9.999973901236858254e-01,-2.283091432024994451e-03,7.939068109918093197e-02,2.282639920059133416e-03,9.968409649034308817e-01
9.966210584696325592e-01,-9.387016844181146407e-05,-8.213681880412232461e-02,-8.360472336653706083e-05,9.999976695723052922e-01,-2.157280743990746315e-03,8.213682989451190353e-02,2.156858444506538994e-03,9.966187280683269645e-01
9.963896051330659587e-01,-8.958352444328583576e-05,-8.489844967704356093e-02,-8.091125277839511065e-05,9.999979871588688951e-01,-2.004777189454290485e-03,8.489845838495850561e-02,2.004408392102450392e-03,9.963875923107707866e-01
9.961506398008057594e-01,-8.334223909963070856e-05,-8.765783409665726944e-02,-7.685327806938494584e-05,9.999983333149126130e-01,-1.824132936454430287e-03,8.765784002597577784e-02,1.823847983629592242e-03,9.961489731262652692e-01
9.959061593661281409e-01,-7.489595950700533692e-05,-9.039311991077711439e-02,-7.127994803095031250e-05,9.999986951481084629e-01,-1.613883901852123564e-03,9.039312283452700936e-02,1.613720135245964079e-03,9.959048545175120948e-01
9.956588097441457785e-01,-6.398701191308737426e-05,-9.307808810098083807e-02,-6.404543833150263307e-05,9.999990560015015184e-01,-1.372550285621777690e-03,9.307808806079694020e-02,1.372553010647650827e-03,9.956578657456480741e-01
9.954119596956877425e-01,-5.035635880191101051e-05,-9.568191030194021784e-02,-5.501577579084397413e-05,9.999993949847894026e-01,-1.098637027604986837e-03,9.568190773628951207e-02,1.098860451166935306e-03,9.954113546859170158e-01
9.951697657309747092e-01,-3.375124896410937466e-05,-9.816891685157368153e-02,-4.407736646443990097e-05,9.999996864773417204e-01,-7.906341775995547657e-04,9.816891275828495966e-02,7.911422566241337224e-04,9.951694522350379435e-01
9.949372214294429639e-01,-1.393477651775545706e-05,-1.004983841665273020e-01,-3.114742115763200148e-05,9.999998996027359421e-01,-4.470171749783402679e-04,1.004983803058490527e-01,4.478842915014845274e-04,9.949371211064353959e-01
9.947201849124500672e-01,9.302455852758311991e-06,-1.026243325981071736e-01,-1.618647561089412394e-05,9.999999976746632990e-01,-6.624703917195400157e-05,1.026243317432110058e-01,6.755839331171133080e-05,9.947201827499642102e-01
9.945253770824025175e-01,3.612835986240299610e-05,-1.044953254162508255e-01,7.867828065701115355e-07,9.999999376141429641e-01,3.532295146109011900e-04,1.044953316588235342e-01,-3.513779313404454593e-04,9.945253150096587946e-01
9.943603411681238846e-01,6.665283796573563061e-05,-1.060542666252179134e-01,1.967815978481551626e-05,9.999996693380901469e-01,8.129799992683116750e-04,1.060542857445358478e-01,-8.104820222398123782e-04,9.943600110594288388e-01
9.942994787625201170e-01,7.985848955690001672e-05,-1.066233565181840953e-01,2.782216274655483152e-05,9.999994911490089899e-01,1.008428306413675915e-03,1.066233827943449675e-01,-1.005646231814122165e-03,9.942989705904087261e-01
9.942445697685103889e-01,9.413307516018562613e-05,-1.071341524668744383e-01,3.657921591640593301e-05,9.999992574289241487e-01,1.218114756555468622e-03,1.071341875770396163e-01,-1.215022865355272746e-03,9.942438280279359830e-01
9.941957949554371954e-01,1.093375315527696012e-04,-1.075858231284785166e-01,4.584676826820822785e-05,9.999989622221523433e-01,1.439948850177481072e-03,1.075858689187474820e-01,-1.436523554099283914e-03,9.941947581882920604e-01
9.941533422447952351e-01,1.253274939368291020e-04,-1.079773883575811944e-01,5.551825583515540769e-05,9.999986009324414171e-01,1.671840567133377762e-03,1.079774468175087182e-01,-1.668060603787329234e-03,9.941519443991415628e-01
9.941174065144064986e-01,1.419538629778352434e-04,-1.083077186269410935e-01,6.548351131486026709e-05,9.999981705552001277e-01,1.911700332568552676e-03,1.083077918571956205e-01,-1.907546946363971544e-03,9.941155785358488650e-01
9.940881892561783673e-01,1.590633847010475797e-04,-1.085755344459048422e-01,7.562918177929382399e-05,9.999976698659189811e-01,2.157438981326364157e-03,1.085756246198984060e-01,-2.152896089208811842e-03,9.940858608675751107e-01
9.940658980812642209e-01,1.764992486305079922e-04,-1.087794057710675943e-01,8.583915996983650651e-05,9.999970995648083116e-01,2.406967720552416218e-03,1.087795150914452336e-01,-2.402022061596956887e-03,9.940629997070032919e-01
9.940507460648047022e-01,1.941017096751831387e-04,-1.089177514114816891e-01,9.599503459273663920e-05,9.999964623776755879e-01,2.658198090027296887e-03,1.089178820624067956e-01,-2.652839357894181023e-03,9.940472108558934261e-01
9.940429509220233273e-01,2.117087392737358558e-04,-1.089888384269120797e-01,1.059765651005665094e-04,9.999957631130613755e-01,2.909041919934826029e-03,1.089889925231235651e-01,-2.903262877178666712e-03,9.940387168382631700e-01
9.940427340066995132e-01,2.291567113444683006e-04,-1.089907815170139960e-01,1.156621864757932942e-04,9.999950086756577150e-01,3.157411285842252804e-03,1.089909610506598764e-01,-3.151207859058204400e-03,9.940377459122378134e-01
9.940503191222131996e-01,2.462811286260232395e-04,-1.089215423992589554e-01,1.249295495551559895e-04,9.999942080360206820e-01,3.401218460713014303e-03,1.089217491855301312e-01,-3.394589815504926115e-03,9.940445308507809274e-01
9.940659311345060312e-01,2.629173950336604498e-04,-1.087789291734978653e-01,1.336561024543632533e-04,9.999933721565948952e-01,3.638375863814516994e-03,1.087791647960939106e-01,-3.631324458582578171e-03,9.940593074806657325e-01
9.940897943754413157e-01,2.789016396948440979e-04,-1.085605956711280240e-01,1.417197186732846773e-04,9.999925138740610731e-01,3.866796006431254002e-03,1.085608614285834966e-01,-3.859327624002537645e-03,9.940823129681839454e-01
9.941221308241696697e-01,2.940715983666258035e-04,-1.082640407869091131e-01,1.489993774828408577e-04,9.999916477380171864e-01,4.084391434351299435e-03,1.082643376407947111e-01,-4.076515190518325248e-03,9.941137838392049009e-01
9.941631580532169776e-01,3.082675579761326185e-04,-1.078866077915563854e-01,1.553759022165016989e-04,9.999907898059995359e-01,4.289074667164205316e-03,1.078869363175423146e-01,-4.280802995256707127e-03,9.941539537203130106e-01
9.941924878609185168e-01,3.167743748536759585e-04,-1.076159687728300007e-01,1.589798524922923719e-04,9.999902533686996220e-01,4.412243534619311215e-03,1.076163175653478410e-01,-4.403728147572745673e-03,9.941827474725540847e-01
9.942251089256716190e-01,3.247710288646896214e-04,-1.073141524008698056e-01,1.621118363308935567e-04,9.999897343657553339e-01,4.528231758315398071e-03,1.073145213915192020e-01,-4.519478607461811272e-03,9.942148499251183269e-01
9.942608797183061231e-01,3.321988074593302674e-04,-1.069822074259731970e-01,1.647157016655581053e-04,9.999892402975759653e-01,4.635963525837862725e-03,1.069825963908114658e-01,-4.626978822903434103e-03,9.942501270487487108e-01
9.942996607744990500e-01,3.390005787533498238e-04,-1.066211501641460557e-01,1.667369159895461326e-04,9.999887789396932902e-01,4.734363051207723938e-03,1.066215587136046111e-01,-4.725153257556791164e-03,9.942884471541313385e-01
9.943413149464117584e-01,3.451209261272199192e-04,-1.062319645031044174e-01,1.681226439543040386e-04,9.999883582478377164e-01,4.822354566941584875e-03,1.062323920723763498e-01,-4.812926379975253008e-03,9.943296810486156323e-01
9.943857076288153962e-01,3.505062741039059087e-04,-1.058156019162284078e-01,1.688218165801455041e-04,9.999879862514319262e-01,4.898862316761878367e-03,1.058160477561705531e-01,-4.889222653567417559e-03,9.943737021558380906e-01
9.944327069608503988e-01,3.551050061182781212e-04,-1.053729814845904555e-01,1.687851927116787454e-04,9.999876709355030036e-01,4.962810548977515147e-03,1.053734446531760377e-01,-4.952966527340055790e-03,9.944203865994013514e-01
9.944821840045713346e-01,3.588675747832127433e-04,-1.049049899269034331e-01,1.679654133538907026e-04,9.999874201110160454e-01,5.013123510567151463e-03,1.049054692812528139e-01,-5.003082427469441630e-03,9.944696132517593101e-01
9.945340129013955366e-01,3.617466052527497497e-04,-1.044124816372178355e-01,1.663170495215788138e-04,9.999872412736318106e-01,5.048725441973518115e-03,1.044129758262248853e-01,-5.038494749722422297e-03,9.945212637494328378e-01
9.945880710075607478e-01,3.636969922759652747e-04,-1.038962787300834745e-01,1.637966442333789528e-04,9.999871414508895162e-01,5.068540572603177398e-03,1.038967861876427118e-01,-5.058127852733274553e-03,9.945752224756578830e-01
9.946442390096762454e-01,3.646759915279884179e-04,-1.033571710926975834e-01,1.603627492820665617e-04,9.999871270378187793e-01,5.071493117035742910e-03,1.033576900315241187e-01,-5.060906052151268979e-03,9.946313765115588623e-01
9.947024010214345902e-01,3.646433057999497597e-04,-1.027959164434772282e-01,1.559759574107952393e-04,9.999872036209801474e-01,5.056507271959040373e-03,1.027964448494963490e-01,-5.045753615685192976e-03,9.946896155569102671e-01
9.947624446625171757e-01,3.635611666239528463e-04,-1.022132403963993963e-01,1.505989305226206239e-04,9.999873757909383265e-01,5.022507213851181394e-03,1.022137760236659920e-01,-5.011594759074679273e-03,9.947498318215259872e-01
9.948242611207077646e-01,3.613944119021587735e-04,-1.016098365303204909e-01,1.441964245488615065e-04,9.999876469431686621e-01,4.968417097432038278e-03,1.016103768964104204e-01,-4.957353643018985560e-03,9.948119198882907632e-01
9.948877451981953390e-01,3.581105601035566594e-04,-1.009863664624048307e-01,1.367353115990483194e-04,9.999880190674003133e-01,4.893161054911126899e-03,1.009869088442010288e-01,-4.881954371097646517e-03,9.948757765488167593e-01
9.954380358029236708e-01,3.168813923133932827e-04,-9.540972939382216800e-02,6.103535831125980044e-05,9.999921650538229345e-01,3.958043159286857640e-03,9.541023609395496430e-02,-3.945810075123640064e-03,9.954302172585212105e-01
9.960182276874340879e-01,2.988347820892331571e-04,-8.914931750808696709e-02,3.039512522737919620e-06,9.999942674471529180e-01,3.386009980969298134e-03,8.914981831246811261e-02,-3.372798630643962167e-03,9.960125170519951165e-01
9.965757356519463483e-01,2.956653701402100630e-04,-8.268443439833715602e-02,-3.968649205492981392e-05,9.999952020107537587e-01,3.097479693602492486e-03,8.268495349679041984e-02,-3.083591649170053326e-03,9.965709658262047466e-01
9.970755145311664958e-01,2.997635884461717095e-04,-7.642204174322164700e-02,-6.972191305299953212e-05,9.999954590816296784e-01,3.012798528550059748e-03,7.642259784426681801e-02,-2.998659352083038378e-03,9.970710077927366077e-01
9.974978241817239466e-01,3.047507767979891133e-04,-7.069651957269629250e-02,-8.919220853141604836e-05,9.999953380315986795e-01,3.052205729782260339e-03,7.069712014982328097e-02,-3.038262995696621848e-03,9.974932010597818977e-01
9.978348016903028084e-01,3.056049306031369869e-04,-6.576940885626300637e-02,-9.957817749441630112e-05,9.999950783546527333e-01,3.135817382545775384e-03,6.577004348381171317e-02,-3.122478518180776211e-03,9.978299211328757190e-01
9.980866987458939521e-01,2.984749755637634686e-04,-6.182922204923636811e-02,-1.018274340504450945e-04,9.999949270791068656e-01,3.183621714889118149e-03,6.182985862589780723e-02,-3.171234576438812687e-03,9.980816659239676314e-01
9.982584535839561513e-01,2.802829397584587386e-04,-5.899136622967651733e-02,-9.666348200941535175e-05,9.999951422074949692e-01,3.115480313132306875e-03,5.899195287784091829e-02,-3.104352248690463081e-03,9.982536313446470633e-01
9.983570803822128248e-01,2.482144063958500969e-04,-5.729815389970051992e-02,-8.498836430974069322e-05,9.999959319003248748e-01,2.851133069001466919e-03,5.729862849740172820e-02,-2.841579210171580119e-03,9.983530400614348821e-01
9.983901704810704825e-01,1.991985509695352809e-04,-5.671884877814280246e-02,-6.827563484266570672e-05,9.999973291368591255e-01,2.310207260019179684e-03,5.671915747979903999e-02,-2.302615704769283341e-03,9.983875175179715011e-01
9.983656125152525762e-01,1.294799695575914915e-04,-5.714968925535291594e-02,-4.885106197301426886e-05,9.999990016066787613e-01,1.412231998608569220e-03,5.714981505324122357e-02,-1.407132041292932789e-03,9.983646220789270664e-01
9.982924532618726587e-01,3.438559455923522292e-05,-5.841383892558452834e-02,-2.995885399968129496e-05,9.999999966129969886e-01,7.665814589278402945e-05,5.841384136367278740e-02,-7.477723685388182329e-05,9.982924509108064282e-01
9.981826369941353416e-01,-9.160851860024461064e-05,-6.026122145555083687e-02,-1.551116326579086521e-05,9.999984208028916965e-01,-1.777118770531759765e-03,6.026128909042230419e-02,1.774823822265760714e-03,9.981810592460471643e-01
9.980531765596520888e-01,-2.544036662750085234e-04,-6.236819732815711281e-02,-9.418062058299058419e-06,9.999910545750139157e-01,-4.229737728227072301e-03,6.236871547891202627e-02,4.222090563224136991e-03,9.980442461538399090e-01
9.979281216629998230e-01,-4.592884604534626554e-04,-6.433702703940261114e-02,-1.439393889472609973e-05,9.999729010442230948e-01,-7.361859141086102981e-03,6.433866479010320882e-02,7.347532327847515130e-03,9.979010722419924262e-01
9.978856035117076306e-01,-5.376137529232680482e-04,-6.499256323249279210e-02,-1.804466943764983372e-05,9.999634592049070347e-01,-8.548679976718801324e-03,6.499478424048214797e-02,8.531777447115928420e-03,9.978491302772810601e-01
9.978443536933577773e-01,-6.211485636444743792e-04,-6.562209975876194534e-02,-2.251781292455417774e-05,9.999519051785584756e-01,-9.807488094185436850e-03,6.562503558273427573e-02,9.787824284863853516e-03,9.977963485604333105e-01
9.978037135960057258e-01,-7.096401667950932423e-04,-6.623628571150191879e-02,-2.745768557919435850e-05,9.999380955878734989e-01,-1.112673528804830440e-02,6.624008137145936947e-02,1.110411648572132148e-02,9.977419256586215202e-01
9.977630809345324758e-01,-8.028256149946586722e-04,-6.684451955892550812e-02,-3.252382627534932308e-05,9.999219354548192218e-01,-1.249487648946552738e-02,6.684933257881041369e-02,1.246910050156717180e-02,9.976851649024603974e-01
9.977219157647538861e-01,-9.004308054086358586e-04,-6.745493330421460654e-02,-3.738989055989472624e-05,9.999033844923371772e-01,-1.390036987865977264e-02,6.746093243283453333e-02,1.387122579774907952e-02,9.976254866883464967e-01
9.976797456049721902e-01,-1.002168009285809647e-03,-6.807437747700095798e-02,-4.174100468348580979e-05,9.998824620605418767e-01,-1.533167705881022767e-02,6.808174107121962859e-02,1.529894516064047097e-02,9.975624385519349380e-01
9.976361700240934383e-01,-1.107732115835839779e-03,-6.870840697629092275e-02,-4.526983985308215654e-05,9.998592507886463476e-01,-1.677726327522846908e-02,6.871732103554163695e-02,1.674071509596519042e-02,9.974957033730891265e-01
9.975908650045074433e-01,-1.216795847002662351e-03,-6.936126777551950007e-02,-4.767167154107787076e-05,9.998338988638225677e-01,-1.822559766309555726e-02,6.937192362168106974e-02,1.818499630552669610e-02,9.974251060216979825e-01
9.975435873342647364e-01,-1.329004204816525017e-03,-7.003588448868060257e-02,-4.863869281790244453e-05,9.998066209882050526e-01,-1.966515350621642066e-02,7.004847609024630883e-02,1.962025422794200225e-02,9.973506187000963363e-01
9.974941792266511786e-01,-1.443968417745717043e-03,-7.073384878656416297e-02,-4.785385430848820018e-05,9.997776980052500706e-01,-2.108440848896179012e-02,7.074856973084767131e-02,2.103495962747088666e-02,9.972723651814031642e-01
9.974425733064384847e-01,-1.561259656768777121e-03,-7.145540864145091819e-02,-4.498450655616033470e-05,9.997474751966676232e-01,-2.247184492382593712e-02,7.147244876332962960e-02,2.241758921406267202e-02,9.971906240842833835e-01
9.973887980415314658e-01,-1.680402795538485893e-03,-7.219945836165508890e-02,-3.967612330308855544e-05,9.997163592511820740e-01,-2.381594993622110010e-02,7.221900004207257306e-02,2.375662627571722280e-02,9.971058312641235544e-01
9.973329836359787759e-01,-1.800870492346537876e-03,-7.296352936384520316e-02,-3.154638646296239318e-05,9.996848139064135053e-01,-2.510521558805943118e-02,7.298574351600745080e-02,2.504056130295881019e-02,9.970185813379047746e-01
9.972753683355548571e-01,-1.922077874674566183e-03,-7.374378162143171989e-02,-2.017991543429217341e-05,9.996533542651994120e-01,-2.632813892216791934e-02,7.376882338736842626e-02,2.625789258447160102e-02,9.969296282953302724e-01
9.972163050308069376e-01,-2.043378109800078092e-03,-7.453499571749562513e-02,-5.123924879257461080e-06,9.996225397877473995e-01,-2.747322190856081245e-02,7.456299990244565079e-02,2.739712675066537095e-02,9.968398850825320734e-01
9.971252848080618403e-01,-2.222167448559652682e-03,-7.573789255237066420e-02,2.867923084833563330e-05,9.995808500787127793e-01,-2.895035981499786276e-02,7.577047956787401339e-02,2.886496367132113799e-02,9.967074035534739807e-01
9.970326121703340094e-01,-2.392646771958122000e-03,-7.694313166376288982e-02,7.495351903377231342e-05,9.995465597490800214e-01,-3.011094943283955036e-02,7.698028741679592557e-02,3.001583140946918055e-02,9.965806967897912205e-01
9.969372335966465437e-01,-2.554504240063205835e-03,-7.816410158605334446e-02,1.338588923847189001e-04,9.995206667392069200e-01,-3.095834044335177629e-02,7.820571814429115587e-02,3.085305931827575163e-02,9.964597103647686582e-01
9.968385338568116483e-01,-2.707303832101469205e-03,-7.940785807566237697e-02,2.055897995159058455e-04,9.995038603908729113e-01,-3.149588539119158731e-02,7.945372962321023413e-02,3.137998677025583688e-02,9.963445193703132086e-01
9.967363730562384116e-01,-2.850463317190513567e-03,-8.067513548531655976e-02,2.904008180145192515e-04,9.994965317490611678e-01,-3.172693948304983191e-02,8.072495459312280242e-02,3.159996646317150132e-02,9.962353757147277555e-01
9.966311245157788434e-01,-2.983246467169251796e-03,-8.196036778182490268e-02,3.886163999708190458e-04,9.994987837803467334e-01,-3.165486058884940668e-02,8.201372216714446217e-02,3.151636816198755131e-02,9.961327561696626809e-01
9.965237136348957803e-01,-3.104769147114379985e-03,-8.325171813158603606e-02,5.006252193120537455e-04,9.995104415158289068e-01,-3.128300936963820944e-02,8.330808806897274654e-02,3.113258276105939845e-02,9.960374113219434555e-01
9.964156561906707399e-01,-3.214018949764212933e-03,-8.453111959691073096e-02,6.268596078754888872e-04,9.995310621302611054e-01,-3.061474944830265207e-02,8.458987613862954669e-02,3.045202651615968453e-02,9.959504138941409623e-01
9.963090932105752584e-01,-3.309887970011412845e-03,-8.577432848789257047e-02,7.677606208364141059e-04,9.995599449723980845e-01,-2.965344752981798754e-02,8.583473265265072205e-02,2.947814526730865858e-02,9.958732035867055021e-01
9.962068182622284551e-01,-3.391218243069563272e-03,-8.695099129208734567e-02,9.237293285943558047e-04,9.995961415641737569e-01,-2.840247338071030803e-02,8.701219438662763372e-02,2.821441845656821878e-02,9.958076243025968388e-01
9.961122917705601543e-01,-3.456859292651531107e-03,-8.802472554592240261e-02,1.095064990961021768e-03,9.996384655880689030e-01,-2.686519959715669148e-02,8.808577079341324556e-02,2.666436274431300754e-02,9.957559483845277448e-01
9.960296358305646969e-01,-3.505737154937618380e-03,-8.895321441204277757e-02,1.281890828427156240e-03,9.996855028828672829e-01,-2.504500113257867103e-02,8.901304007356657111e-02,2.483153504774451847e-02,9.957208813538233061e-01
9.959636019543027796e-01,-3.536934163774794766e-03,-8.968831406005008111e-02,1.484068161299706727e-03,9.997356214679782305e-01,-2.294525462326228032e-02,8.974575825021303965e-02,2.271953487100576707e-02,9.957055396106521128e-01
9.959195032884065046e-01,-3.549778707623011363e-03,-9.017617224579009549e-02,1.701099736613744797e-03,9.997869816157788359e-01,-2.056933764842260384e-02,9.022997966009745074e-02,2.033200587093242362e-02,9.957133926526263723e-01
9.959031020660341627e-01,-3.543944105574789623e-03,-9.035735584571320811e-02,1.932023100534243200e-03,9.998375459903109386e-01,-1.792062819240032578e-02,9.040618663560195944e-02,1.767263670898641323e-02,9.957481605957207993e-01
9.959065291912432283e-01,-3.530154352088743768e-03,-9.032011472813714081e-02,2.109038032908422226e-03,9.998725553683378564e-01,-1.582482163451253906e-02,9.036446797734816461e-02,1.556955463199959956e-02,9.957870514802513728e-01
9.959231599922188094e-01,-3.508507282869659672e-03,-9.013739383719363008e-02,2.290831286818198215e-03,9.999047688540931844e-01,-1.360901594003598863e-02,9.017655728142788540e-02,1.334704459747063435e-02,9.958363544867114836e-01
9.959507693640557990e-01,-3.480519098905840176e-03,-8.983290594180785849e-02,2.475927019149175030e-03,9.999331790420971089e-01,-1.129191020862533104e-02,8.986620493012599520e-02,1.102376694084023639e-02,9.958928364909005460e-01
9.959872845063378888e-01,-3.447631046753718131e-03,-8.942842356800720371e-02,2.662950948553980020e-03,9.999569176284216487e-01,-8.892220156417137214e-03,8.945522787371930351e-02,8.618394701454326623e-03,9.959535558844256897e-01
9.960308083502462662e-01,-3.411198760601371650e-03,-8.894376054661172482e-02,2.850638266622460611e-03,9.999752726690304128e-01,-6.428678866606392719e-03,8.896349070618915500e-02,6.149615720738643883e-03,9.960159032605142571e-01
9.960796355370439281e-01,-3.372486886803573343e-03,-8.839675333738389318e-02,3.037836299488337263e-03,9.999877023548563448e-01,-3.920036947720095116e-03,8.840888653868156366e-02,3.636134108131566268e-03,9.960776311662355997e-01
9.961322622850484754e-01,-3.332668372898691094e-03,-8.780324228859466562e-02,3.223502571011072678e-03,9.999938452979841852e-01,-1.385062209608259841e-03,8.780731783882292363e-02,1.096671175002220198e-03,9.961368742528745601e-01
9.961873913670081793e-01,-3.292827790941400389e-03,-8.717705298148392679e-02,3.406698928706420031e-03,9.999935273222394505e-01,1.157461028810774766e-03,8.717267739266935933e-02,-1.450034055899774394e-03,9.961921610399430138e-01
9.962439332991235297e-01,-3.253968052917036516e-03,-8.652997779153832891e-02,3.586582403271671316e-03,9.999867647505937818e-01,3.688732885930652745e-03,8.651682952673467319e-02,-3.985224654871993323e-03,9.962424183867566452e-01
9.963010047167127903e-01,-3.217019864052432249e-03,-8.587175777672846622e-02,3.762393481740216455e-03,9.999737641810269029e-01,6.189939007394952043e-03,8.584959170409255103e-02,-6.490125793927493426e-03,9.962869696384776264e-01
9.963579247797319516e-01,-3.182853248026756062e-03,-8.521006497961067239e-02,3.933442482940761702e-03,9.999549187417716700e-01,8.642251695523585006e-03,8.517871658378838029e-02,-8.945944854340937349e-03,9.963255272810203067e-01
9.964142103145962048e-01,-3.152290466603461030e-03,-8.455048520236750631e-02,4.099094732016517022e-03,9.999308008161772454e-01,1.102683098150752765e-02,8.450987460361990278e-02,-1.133387153319380738e-02,9.963581808017391017e-01
9.964695702570668390e-01,-3.126119645020799479e-03,-8.389650128380611582e-02,4.258755238241911795e-03,9.999021512267222134e-01,1.332482555203188049e-02,8.384663711514861451e-02,-1.363507785589616710e-02,9.963853803104227858e-01
9.965238998144665405e-01,-3.105108403534792907e-03,-8.324947687746353520e-02,4.411853587275975548e-03,9.998698648669658295e-01,1.551737345166181309e-02,8.319046006900959744e-02,-1.583071801012818358e-02,9.964079163278420914e-01
9.965772746144883065e-01,-3.090016784843311118e-03,-8.260864069956820599e-02,4.557829765357372317e-03,9.998349727694092470e-01,1.758560249246912677e-02,8.254066821749746208e-02,-1.790192792585484222e-02,9.964268959972667483e-01
9.966343998018492023e-01,-3.079274196236962344e-03,-8.191697749572013354e-02,4.712038606225656470e-03,9.997939230459401694e-01,1.974609157733479489e-02,8.183929266424148918e-02,-2.006563008807456944e-02,9.964435260793190752e-01
9.966877205692304953e-01,-3.072767787635616570e-03,-8.126589545828519223e-02,4.859102887860606776e-03,9.997507017535629537e-01,2.179273875358677531e-02,8.117867198740601198e-02,-2.211543446057907467e-02,9.964541789630781965e-01
9.967366728816908772e-01,-3.070033271978595685e-03,-8.066337352509098113e-02,4.999376972019109987e-03,9.997059652298418975e-01,2.372739584869005408e-02,8.056681179388353042e-02,-2.405323220645689403e-02,9.964589458968154956e-01
9.967809472840544194e-01,-3.070650425964212976e-03,-8.011438221360132894e-02,5.133205617293966003e-03,9.996603177725086331e-01,2.555189368825831753e-02,8.000870784855895756e-02,-2.588088439228848278e-02,9.964581207915755856e-01
9.968204762100293381e-01,-3.074258888958638324e-03,-7.962089638214588094e-02,5.260906306542207506e-03,9.996143140007763828e-01,2.726804190970422842e-02,7.950635869694032409e-02,-2.760022059765578767e-02,9.964521898965927882e-01
9.968554235197791824e-01,-3.080571513339339183e-03,-7.918190878196565419e-02,5.382754375886706320e-03,9.995684611434684230e-01,2.887762875662408524e-02,7.905877911107155043e-02,-2.921303761041864691e-02,9.964418236299800169e-01
9.968861764140894977e-01,-3.089385355525690966e-03,-7.879344498512866335e-02,5.498970834470070894e-03,9.995232212520057669e-01,3.038242086756681726e-02,7.866201493898491992e-02,-3.072109822479297467e-02,9.964278707109726074e-01
9.969133395659390828e-01,-3.100590391476889824e-03,-7.844858019565144336e-02,5.609712769227226392e-03,9.994790133367437157e-01,3.178416306990742429e-02,7.830915986100252246e-02,-3.212613015338109529e-02,9.964113544331142380e-01
9.969377310556343241e-01,-3.114176048860374264e-03,-7.813745775991765008e-02,5.715066224438149038e-03,9.994362154257691033e-01,3.308457818175367104e-02,7.799037386560282725e-02,-3.342982505115742187e-02,9.963934706637501693e-01
9.969603794085569737e-01,-3.130235651114812116e-03,-7.784730897286624984e-02,5.815041443495434781e-03,9.993951665458368216e-01,3.428536681775832401e-02,7.769290303855848345e-02,-3.463383763873571081e-02,9.963755868686545725e-01
9.969825207449568572e-01,-3.148968869420738781e-03,-7.756247368472272974e-02,5.909570359182132228e-03,9.993561686256825505e-01,3.538820718777387075e-02,7.740110016791604264e-02,-3.573978490218368553e-02,9.963592411715478381e-01
9.970055947667230134e-01,-3.170682277997172345e-03,-7.726442116360583701e-02,5.998506218566207471e-03,9.993194883224532088e-01,3.639475487065243348e-02,7.709644561846479283e-02,-3.674924533702773888e-02,9.963461401742663703e-01
9.970312380288322007e-01,-3.195788106491017147e-03,-7.693177063525179216e-02,6.081625229278000457e-03,9.992853587724581654e-01,3.730664253948248049e-02,7.675756789572739380e-02,-3.766375819506770362e-02,9.963381539865654446e-01
9.970612726733775188e-01,-3.224801280670577721e-03,-7.654031089332684334e-02,6.158630115390594656e-03,9.992539812678485900e-01,3.812547960949844161e-02,7.636026329216498432e-02,-3.848482268443843141e-02,9.963373066451437499e-01
9.970976885408802115e-01,-3.258334839245825496e-03,-7.606301834999407152e-02,6.229155473342470363e-03,9.992255268611539565e-01,3.885285177611302182e-02,7.587751398487642407e-02,-3.921389706625755256e-02,9.963457598385976333e-01
9.971241492443158050e-01,-3.281846170376388067e-03,-7.571433470298570556e-02,6.272037280958893575e-03,9.992081984456626653e-01,3.928915508531666961e-02,7.552544301192831711e-02,-3.965104846893450358e-02,9.963552086546075826e-01
9.971532810457562901e-01,-3.306698280652632920e-03,-7.532861240037434791e-02,6.312501767744303771e-03,9.991917253891265949e-01,3.969947399312434566e-02,7.513645201310303889e-02,-4.006197274697371330e-02,9.963681809042798099e-01
9.971848522178385910e-01,-3.332456348770471404e-03,-7.490837898374858028e-02,6.350795763052277838e-03,9.991758201049549815e-01,4.009174367329197686e-02,7.471303701808255926e-02,-4.045460730587424614e-02,9.963841562606574609e-01
9.972186735732730956e-01,-3.358705319996351055e-03,-7.445559868362668088e-02,6.387157435519750549e-03,9.991601813927110110e-01,4.047389453928529335e-02,7.425712960152537623e-02,-4.083688305755883707e-02,9.964026433553284656e-01
9.972545980344883487e-01,-3.385052127115512066e-03,-7.397167107190273649e-02,6.421814395638179851e-03,9.991444955769742675e-01,4.085385242666949440e-02,7.377009556006446089e-02,-4.121672452207756493e-02,9.964231804914668311e-01
9.972925198621622744e-01,-3.411127728879229017e-03,-7.345743008435628996e-02,6.454981985766174678e-03,9.991284370148321159e-01,4.123953874451827262e-02,7.325273397317171031e-02,-4.160204990038910561e-02,9.964453353845064143e-01
9.973323735733284900e-01,-3.436589043890788883e-03,-7.291314338537405182e-02,6.486861677548587564e-03,9.991116679736615769e-01,4.163887059543052577e-02,7.270527661847565881e-02,-4.200077111946960706e-02,9.964687039627492249e-01
9.973741325689489123e-01,-3.461120858191851172e-03,-7.233851204402656776e-02,6.517639496665781837e-03,9.990938378808486009e-01,4.205976086364696803e-02,7.212738770904085495e-02,-4.242079385066552244e-02,9.964929082494010659e-01
9.974178074800099658e-01,-3.484437785038284330e-03,-7.173267048628541309e-02,6.547484394865773008e-03,9.990745819470779887e-01,4.251011827047319891e-02,7.151816391568507902e-02,-4.287001750166231917e-02,9.965175933366839933e-01
9.974634442303190740e-01,-3.506286355502097329e-03,-7.109418668347224080e-02,6.576546489337304138e-03,9.990535191648226565e-01,4.299784739561401253e-02,7.087613463264465230e-02,-4.335633518156431498e-02,9.965424234517863411e-01
9.975111218032365334e-01,-3.526447318618571025e-03,-7.042106253216931511e-02,6.604955089648009529e-03,9.990302496836680479e-01,4.353084866219698867e-02,7.019926243996035820e-02,-4.388763363746533974e-02,9.965670771034880193e-01
9.975609496886159722e-01,-3.544738229836587665e-03,-6.971073437592303912e-02,6.632816432678109199e-03,9.990043515641237049e-01,4.411701828222855393e-02,6.948494371098649924e-02,-4.447179315955266526e-02,9.965912412873469961e-01
9.976130649752281698e-01,-3.561016406547228789e-03,-6.896007361427052007e-02,6.660211046205864738e-03,9.989753769115941040e-01,4.476424815807635016e-02,6.873000930854954171e-02,-4.511668745032322569e-02,9.966146047163649824e-01
9.976676290429148386e-01,-3.575182329484716520e-03,-6.816538733992501264e-02,6.687190662023486352e-03,9.989428473922107310e-01,4.548042573450335885e-02,6.793072530851423929e-02,-4.583018345209712019e-02,9.966368500330530233e-01
9.977248237976363843e-01,-3.587183568857599779e-03,-6.732241894065522925e-02,6.713774599647275888e-03,9.989062491322666659e-01,4.627343379446556548e-02,6.708279368513886398e-02,-4.662014112536535387e-02,9.966576449477764221e-01
9.977754004020034095e-01,-3.595861083030188737e-03,-6.656816157665584877e-02,6.736046241256041928e-03,9.988717856049835753e-01,4.700831419384117471e-02,6.632402305092680028e-02,-4.735214573155883261e-02,9.966739177188080889e-01
9.978277779550639437e-01,-3.603064012869101190e-03,-6.577798621865242612e-02,6.757915187583033063e-03,9.988339308731981614e-01,4.780281496640462202e-02,6.552904793738036082e-02,-4.814349869000027204e-02,9.966885909903386853e-01
9.978817255208597414e-01,-3.609009483935395491e-03,-6.495411397331933567e-02,6.779237656102500911e-03,9.987927256877262572e-01,4.865319157140631651e-02,6.470010671023791737e-02,-4.899047013273858525e-02,9.967014748799447599e-01
9.979370316995231915e-01,-3.613917953379890136e-03,-6.409852072999497330e-02,6.799868845252978432e-03,9.987482138868332138e-01,4.955569635821058250e-02,6.383919287110946528e-02,-4.988932606165423500e-02,9.967124021495263886e-01
9.979935041434270238e-01,-3.618012417584920946e-03,-6.321293913173234302e-02,6.819663519046032830e-03,9.987004444280503934e-01,5.050657866754511977e-02,6.294805697567550096e-02,-5.083632840164736821e-02,9.967212297516426789e-01
9.980509689505788762e-01,-3.621517787649401743e-03,-6.229886022815122465e-02,6.838476424748220553e-03,9.986494732826250997e-01,5.150208493374769381e-02,6.202820823626251784e-02,-5.182773505806079206e-02,9.967278401157209089e-01
9.981092699443750993e-01,-3.624660413429903628e-03,-6.135753489177951658e-02,6.856162560060732880e-03,9.985953651921360974e-01,5.253845878719545781e-02,6.108091589079724104e-02,-5.285979997759295002e-02,9.967321421827781691e-01
9.981682678465966241e-01,-3.627667736474146209e-03,-6.038997508627269584e-02,6.872577306231635909e-03,9.985381952868297439e-01,5.361194115577402886e-02,6.010721042684281229e-02,-5.392877321165445020e-02,9.967340721950810334e-01
9.982278393543128070e-01,-3.630768056634978320e-03,-5.939695498374470556e-02,6.887576443261427851e-03,9.984780505652308680e-01,5.471877036441658709e-02,5.910788465814273418e-02,-5.503090098094388233e-02,9.967335942509739644e-01
9.982878761305392645e-01,-3.634190398571236595e-03,-5.837901190432988330e-02,6.901016063045366938e-03,9.984150312345909661e-01,5.585518223162148216e-02,5.808349462692949383e-02,-5.616242573978615094e-02,9.967307006343020248e-01
9.983482837165913448e-01,-3.638164465062428393e-03,-5.733644704255536073e-02,6.912752395961754143e-03,9.983492519117573849e-01,5.701741016168586362e-02,5.703436029667312279e-02,-5.731958623855337720e-02,9.967254119259679745e-01
9.984089803718870781e-01,-3.642920664613115422e-03,-5.626932594053759423e-02,6.922641566075238111e-03,9.982808426840580340e-01,5.820168523121968529e-02,5.596056599533969639e-02,-5.849861758227856146e-02,9.967177769029926804e-01
9.984698958446868167e-01,-3.648690201356244618e-03,-5.517747866400766338e-02,6.930539289783830062e-03,9.982099500298159400e-01,5.940423626833772619e-02,5.486196056517900210e-02,-5.969575128337244879e-02,9.967078722281964565e-01
9.985309700749751549e-01,-3.655705215844416971e-03,-5.406049963241230105e-02,6.936300532400490292e-03,9.981367375981227141e-01,6.062128992276583778e-02,5.373815717025866301e-02,-6.090721530615782892e-02,9.966958019313587602e-01
9.985921518284118781e-01,-3.664198965985662575e-03,-5.291774704805207730e-02,6.939779136825232654e-03,9.980613868475192163e-01,6.184907072493766450e-02,5.258853270662758317e-02,-6.212923410073500907e-02,9.966816966804500355e-01
9.986354227372001846e-01,-3.671203896906671815e-03,-5.209428679272384149e-02,6.940881263695109459e-03,9.980068221946168938e-01,6.272325741130876930e-02,5.176018374946625422e-02,-6.299924693954173094e-02,9.966704461672737381e-01
9.986784878529151310e-01,-3.679078144030665989e-03,-5.126150879389674425e-02,6.940703060277756201e-03,9.979516371259405938e-01,6.359525610203578538e-02,5.092253470562604217e-02,-6.386700510956019872e-02,9.966583673042082037e-01
9.987211979748722435e-01,-3.687853057914679614e-03,-5.042190452036818260e-02,6.939196115733257952e-03,9.978961238959270785e-01,6.446063504768956287e-02,5.007810173025021433e-02,-6.472809014104513592e-02,9.966456030474362127e-01
9.987634160027039076e-01,-3.697550587809893177e-03,-4.957788795685601213e-02,6.936321242510762840e-03,9.978405901069569151e-01,6.531496139951685487e-02,4.922932360121024670e-02,-6.557808212086012334e-02,9.966323238000649454e-01
9.988050167324822315e-01,-3.708183351455565917e-03,-4.873179584480658022e-02,6.932048270509635207e-03,9.977853583275010374e-01,6.615380120624370086e-02,4.837856195468448472e-02,-6.641255968182431524e-02,9.966187268257131748e-01
9.988458865887642757e-01,-3.719754800437095107e-03,-4.788588799356673087e-02,6.926355744274165227e-03,9.977307655137802600e-01,6.697271939670203234e-02,4.752810159065427864e-02,-6.722709997843322183e-02,9.966050354015270063e-01
9.988859232999239834e-01,-3.732259476355276329e-03,-4.704234765040998106e-02,6.919230529786274050e-03,9.976771622346470858e-01,6.776727974691754142e-02,4.668015083669450893e-02,-6.801727864757943498e-02,9.965914977177166012e-01
9.989250355238449286e-01,-3.745683353230832690e-03,-4.620328191703367698e-02,6.910667337339351443e-03,9.976249116994064803e-01,6.853304483024115490e-02,4.583684195753667118e-02,-6.877866975282778683e-02,9.965783855304065630e-01
9.989631424305996932e-01,-3.760004261481761107e-03,-4.537072220207153533e-02,6.900668166818352094e-03,9.975743885882765172e-01,6.926557594922298777e-02,4.500023159979701232e-02,-6.950684571090651187e-02,9.965659925741423564e-01
9.990001732483005936e-01,-3.775192388675056680e-03,-4.454662470149961528e-02,6.889241681545974980e-03,9.975259776851758131e-01,6.996043304816779163e-02,4.417230126358617781e-02,-7.019737719931146147e-02,9.965546327399302795e-01
