1.000000000000000000e+00,0.000000000000000000e+00,0.000000000000000000e+00,0.000000000000000000e+00,1.000000000000000000e+00,0.000000000000000000e+00,0.000000000000000000e+00,0.000000000000000000e+00,1.000000000000000000e+00
9.996456111234527375e-01,-2.662052143777476551e-02,0.000000000000000000e+00,2.662052143777476551e-02,9.996456111234527375e-01,0.000000000000000000e+00,0.000000000000000000e+00,0.000000000000000000e+00,1.000000000000000222e+00
9.985826956767620555e-01,-5.322217484217865030e-02,0.000000000000000000e+00,5.322217484217865030e-02,9.985826956767620555e-01,0.000000000000000000e+00,0.000000000000000000e+00,0.000000000000000000e+00,1.000000000000000000e+00
9.968120070307503466e-01,-7.978610555308307539e-02,0.000000000000000000e+00,7.978610555308307539e-02,9.968120070307503466e-01,0.000000000000000000e+00,0.000000000000000000e+00,0.000000000000000000e+00,1.000000000000000222e+00
9.943348002101370930e-01,-1.062934856473653905e-01,0.000000000000000000e+00,1.062934856473653905e-01,9.943348002101370930e-01,0.000000000000000000e+00,0.000000000000000000e+00,0.000000000000000000e+00,1.000000000000000000e+00
9.911528310040073064e-01,-1.327255272837219446e-01,0.000000000000000000e+00,1.327255272837219446e-01,9.911528310040073064e-01,0.000000000000000000e+00,0.000000000000000000e+00,0.000000000000000000e+00,1.000000000000000222e+00
9.872683547213445543e-01,-1.590634960190720204e-01,0.000000000000000000e+00,1.590634960190720204e-01,9.872683547213445543e-01,0.000000000000000000e+00,0.000000000000000000e+00,0.000000000000000000e+00,1.000000000000000000e+00
9.826841245925208579e-01,-1.852887240871142760e-01,0.000000000000000000e+00,1.852887240871142760e-01,9.826841245925208579e-01,0.000000000000000000e+00,0.000000000000000000e+00,0.000000000000000000e+00,1.000000000000000000e+00
9.774033898178667856e-01,-2.113826236296243444e-01,0.000000000000000000e+00,2.113826236296243444e-01,9.774033898178667856e-01,0.000000000000000000e+00,0.000000000000000000e+00,0.000000000000000000e+00,1.000000000000000222e+00
9.714298932647100759e-01,-2.373266998711147935e-01,0.000000000000000000e+00,2.373266998711147935e-01,9.714298932647100759e-01,0.000000000000000000e+00,0.000000000000000000e+00,0.000000000000000000e+00,1.000000000000000000e+00
9.647678688145160386e-01,-2.631025642275212073e-01,0.000000000000000000e+00,2.631025642275212073e-01,9.647678688145160386e-01,0.000000000000000000e+00,0.000000000000000000e+00,0.000000000000000000e+00,1.000000000000000000e+00
9.574220383620055674e-01,-2.886919473396209468e-01,0.000000000000000000e+00,2.886919473396209468e-01,9.574220383620055674e-01,0.000000000000000000e+00,0.000000000000000000e+00,0.000000000000000000e+00,1.000000000000000000e+00
9.493976084683812822e-01,-3.140767120219487563e-01,0.000000000000000000e+00,3.140767120219487563e-01,9.493976084683812822e-01,0.000000000000000000e+00,0.000000000000000000e+00,0.000000000000000000e+00,1.000000000000000000e+00
9.407002666710334582e-01,-3.392388661180303355e-01,0.000000000000000000e+00,3.392388661180303355e-01,9.407002666710334582e-01,0.000000000000000000e+00,0.000000000000000000e+00,0.000000000000000000e+00,1.000000000000000222e+00
9.313361774523385428e-01,-3.641605752528220830e-01,0.000000000000000000e+00,3.641605752528220830e-01,9.313361774523385428e-01,0.000000000000000000e+00,0.000000000000000000e+00,0.000000000000000000e+00,1.000000000000000000e+00
9.213119778704131901e-01,-3.888241754733205990e-01,0.000000000000000000e+00,3.888241754733205990e-01,9.213119778704131901e-01,0.000000000000000000e+00,0.000000000000000000e+00,0.000000000000000000e+00,1.000000000000000222e+00
9.106347728549132325e-01,-4.132121857683781485e-01,0.000000000000000000e+00,4.132121857683781485e-01,9.106347728549132325e-01,0.000000000000000000e+00,0.000000000000000000e+00,0.000000000000000000e+00,1.000000000000000000e+00
8.993121301712193594e-01,-4.373073204588553975e-01,0.000000000000000000e+00,4.373073204588553975e-01,8.993121301712193594e-01,0.000000000000000000e+00,0.000000000000000000e+00,0.000000000000000000e+00,1.000000000000000222e+00
8.873520750565715431e-01,-4.610925014493257867e-01,0.000000000000000000e+00,4.610925014493257867e-01,8.873520750565715431e-01,0.000000000000000000e+00,0.000000000000000000e+00,0.000000000000000000e+00,1.000000000000000000e+00
8.747630845319613879e-01,-4.845508703326500966e-01,0.000000000000000000e+00,4.845508703326500966e-01,8.747630845319613879e-01,0.000000000000000000e+00,0.000000000000000000e+00,0.000000000000000000e+00,1.000000000000000000e+00
8.615540813938060705e-01,-5.076658003388399010e-01,0.000000000000000000e+00,5.076658003388399010e-01,8.615540813938060705e-01,0.000000000000000000e+00,0.000000000000000000e+00,0.000000000000000000e+00,1.000000000000000000e+00
8.477344278896711272e-01,-5.304209081197425180e-01,0.000000000000000000e+00,5.304209081197425180e-01,8.477344278896711272e-01,0.000000000000000000e+00,0.000000000000000000e+00,0.000000000000000000e+00,1.000000000000000222e+00
8.333139190825149534e-01,-5.528000653611933046e-01,0.000000000000000000e+00,5.528000653611933046e-01,8.333139190825149534e-01,0.000000000000000000e+00,0.000000000000000000e+00,0.000000000000000000e+00,1.000000000000000000e+00
8.183027759081692443e-01,-5.747874102144069353e-01,0.000000000000000000e+00,5.747874102144069353e-01,8.183027759081692443e-01,0.000000000000000000e+00,0.000000000000000000e+00,0.000000000000000000e+00,1.000000000000000222e+00
8.027116379309638949e-01,-5.963673585385013132e-01,0.000000000000000000e+00,5.963673585385013132e-01,8.027116379309638949e-01,0.000000000000000000e+00,0.000000000000000000e+00,0.000000000000000000e+00,1.000000000000000222e+00
7.865515558026426879e-01,-6.175246149461919298e-01,0.000000000000000000e+00,6.175246149461919298e-01,7.865515558026426879e-01,0.000000000000000000e+00,0.000000000000000000e+00,0.000000000000000000e+00,1.000000000000000222e+00
7.698339834299064988e-01,-6.382441836448200512e-01,0.000000000000000000e+00,6.382441836448200512e-01,7.698339834299064988e-01,0.000000000000000000e+00,0.000000000000000000e+00,0.000000000000000000e+00,1.000000000000000222e+00
7.525707698561385772e-01,-6.585113790650384269e-01,0.000000000000000000e+00,6.585113790650384269e-01,7.525707698561385772e-01,0.000000000000000000e+00,0.000000000000000000e+00,0.000000000000000000e+00,1.000000000000000000e+00
7.347741508630675211e-01,-6.783118362696161086e-01,0.000000000000000000e+00,6.783118362696161086e-01,7.347741508630675211e-01,0.000000000000000000e+00,0.000000000000000000e+00,0.000000000000000000e+00,1.000000000000000222e+00
7.164567402983152977e-01,-6.976315211349846113e-01,0.000000000000000000e+00,6.976315211349846113e-01,7.164567402983152977e-01,0.000000000000000000e+00,0.000000000000000000e+00,0.000000000000000000e+00,1.000000000000000000e+00
6.976315211349848333e-01,-7.164567402983151867e-01,0.000000000000000000e+00,7.164567402983151867e-01,6.976315211349848333e-01,0.000000000000000000e+00,0.000000000000000000e+00,0.000000000000000000e+00,1.000000000000000222e+00
6.783118362696163306e-01,-7.347741508630670770e-01,0.000000000000000000e+00,7.347741508630670770e-01,6.783118362696163306e-01,0.000000000000000000e+00,0.000000000000000000e+00,0.000000000000000000e+00,1.000000000000000000e+00
6.585113790650387600e-01,-7.525707698561383552e-01,0.000000000000000000e+00,7.525707698561383552e-01,6.585113790650387600e-01,0.000000000000000000e+00,0.000000000000000000e+00,0.000000000000000000e+00,1.000000000000000000e+00
6.382441836448203842e-01,-7.698339834299061657e-01,0.000000000000000000e+00,7.698339834299061657e-01,6.382441836448203842e-01,0.000000000000000000e+00,0.000000000000000000e+00,0.000000000000000000e+00,1.000000000000000000e+00
6.175246149461919298e-01,-7.865515558026424658e-01,0.000000000000000000e+00,7.865515558026424658e-01,6.175246149461919298e-01,0.000000000000000000e+00,0.000000000000000000e+00,0.000000000000000000e+00,1.000000000000000000e+00
5.963673585385016462e-01,-8.027116379309636729e-01,0.000000000000000000e+00,8.027116379309636729e-01,5.963673585385016462e-01,0.000000000000000000e+00,0.000000000000000000e+00,0.000000000000000000e+00,1.000000000000000222e+00
5.747874102144070463e-01,-8.183027759081690222e-01,0.000000000000000000e+00,8.183027759081690222e-01,5.747874102144070463e-01,0.000000000000000000e+00,0.000000000000000000e+00,0.000000000000000000e+00,1.000000000000000000e+00
5.528000653611937487e-01,-8.333139190825148424e-01,0.000000000000000000e+00,8.333139190825148424e-01,5.528000653611937487e-01,0.000000000000000000e+00,0.000000000000000000e+00,0.000000000000000000e+00,1.000000000000000000e+00
5.304209081197428510e-01,-8.477344278896707941e-01,0.000000000000000000e+00,8.477344278896707941e-01,5.304209081197428510e-01,0.000000000000000000e+00,0.000000000000000000e+00,0.000000000000000000e+00,1.000000000000000000e+00
5.076658003388401230e-01,-8.615540813938059594e-01,0.000000000000000000e+00,8.615540813938059594e-01,5.076658003388401230e-01,0.000000000000000000e+00,0.000000000000000000e+00,0.000000000000000000e+00,1.000000000000000000e+00
4.845508703326504851e-01,-8.747630845319610549e-01,0.000000000000000000e+00,8.747630845319610549e-01,4.845508703326504851e-01,0.000000000000000000e+00,0.000000000000000000e+00,0.000000000000000000e+00,1.000000000000000000e+00
4.610925014493258423e-01,-8.873520750565716542e-01,0.000000000000000000e+00,8.873520750565716542e-01,4.610925014493258423e-01,0.000000000000000000e+00,0.000000000000000000e+00,0.000000000000000000e+00,1.000000000000000000e+00
4.373073204588555640e-01,-8.993121301712191373e-01,0.000000000000000000e+00,8.993121301712191373e-01,4.373073204588555640e-01,0.000000000000000000e+00,0.000000000000000000e+00,0.000000000000000000e+00,1.000000000000000000e+00
4.132121857683783150e-01,-9.106347728549133436e-01,0.000000000000000000e+00,9.106347728549133436e-01,4.132121857683783150e-01,0.000000000000000000e+00,0.000000000000000000e+00,0.000000000000000000e+00,1.000000000000000222e+00
3.888241754733208211e-01,-9.213119778704129681e-01,0.000000000000000000e+00,9.213119778704129681e-01,3.888241754733208211e-01,0.000000000000000000e+00,0.000000000000000000e+00,0.000000000000000000e+00,1.000000000000000000e+00
3.641605752528225270e-01,-9.313361774523383207e-01,0.000000000000000000e+00,9.313361774523383207e-01,3.641605752528225270e-01,0.000000000000000000e+00,0.000000000000000000e+00,0.000000000000000000e+00,1.000000000000000000e+00
3.392388661180306131e-01,-9.407002666710331251e-01,0.000000000000000000e+00,9.407002666710331251e-01,3.392388661180306131e-01,0.000000000000000000e+00,0.000000000000000000e+00,0.000000000000000000e+00,1.000000000000000000e+00
3.140767120219490338e-01,-9.493976084683811711e-01,0.000000000000000000e+00,9.493976084683811711e-01,3.140767120219490338e-01,0.000000000000000000e+00,0.000000000000000000e+00,0.000000000000000000e+00,1.000000000000000000e+00
2.886919473396213354e-01,-9.574220383620054564e-01,0.000000000000000000e+00,9.574220383620054564e-01,2.886919473396213354e-01,0.000000000000000000e+00,0.000000000000000000e+00,0.000000000000000000e+00,1.000000000000000000e+00
2.631025642275213738e-01,-9.647678688145158166e-01,0.000000000000000000e+00,9.647678688145158166e-01,2.631025642275213738e-01,0.000000000000000000e+00,0.000000000000000000e+00,0.000000000000000000e+00,1.000000000000000000e+00
2.373266998711152653e-01,-9.714298932647097429e-01,0.000000000000000000e+00,9.714298932647097429e-01,2.373266998711152653e-01,0.000000000000000000e+00,0.000000000000000000e+00,0.000000000000000000e+00,1.000000000000000000e+00
2.113826236296245664e-01,-9.774033898178668966e-01,0.000000000000000000e+00,9.774033898178668966e-01,2.113826236296245664e-01,0.000000000000000000e+00,0.000000000000000000e+00,0.000000000000000000e+00,1.000000000000000222e+00
1.852887240871143870e-01,-9.826841245925209689e-01,0.000000000000000000e+00,9.826841245925209689e-01,1.852887240871143870e-01,0.000000000000000000e+00,0.000000000000000000e+00,0.000000000000000000e+00,1.000000000000000000e+00
1.590634960190724922e-01,-9.872683547213444433e-01,0.000000000000000000e+00,9.872683547213444433e-01,1.590634960190724922e-01,0.000000000000000000e+00,0.000000000000000000e+00,0.000000000000000000e+00,1.000000000000000000e+00
1.327255272837224997e-01,-9.911528310040070844e-01,0.000000000000000000e+00,9.911528310040070844e-01,1.327255272837224997e-01,0.000000000000000000e+00,0.000000000000000000e+00,0.000000000000000000e+00,1.000000000000000000e+00
1.062934856473656819e-01,-9.943348002101370930e-01,0.000000000000000000e+00,9.943348002101370930e-01,1.062934856473656819e-01,0.000000000000000000e+00,0.000000000000000000e+00,0.000000000000000000e+00,1.000000000000000000e+00
7.978610555308357499e-02,-9.968120070307500136e-01,0.000000000000000000e+00,9.968120070307500136e-01,7.978610555308357499e-02,0.000000000000000000e+00,0.000000000000000000e+00,0.000000000000000000e+00,1.000000000000000000e+00
5.322217484217889316e-02,-9.985826956767618334e-01,0.000000000000000000e+00,9.985826956767618334e-01,5.322217484217889316e-02,0.000000000000000000e+00,0.000000000000000000e+00,0.000000000000000000e+00,1.000000000000000000e+00
2.662052143777499102e-02,-9.996456111234528485e-01,0.000000000000000000e+00,9.996456111234528485e-01,2.662052143777499102e-02,0.000000000000000000e+00,0.000000000000000000e+00,0.000000000000000000e+00,1.000000000000000222e+00
2.220446049250313081e-16,-1.000000000000000000e+00,0.000000000000000000e+00,1.000000000000000000e+00,2.220446049250313081e-16,0.000000000000000000e+00,0.000000000000000000e+00,0.000000000000000000e+00,1.000000000000000000e+00
